train.vectors		;;; vectorfilename
13 13 			;;; nx, ny
1 1 			;;; disp_rate, seed
150 3 5 0.1		;;; tend, nphase, nc_[-1], alpha_[-1]
10 1 0.05		;;; t_[phase], nc_[phase],alpha_[phase]
80 0 0.025		;;; t_[phase], nc_[phase],alpha_[phase]
150 0 0.0		;;; t_[phase], nc_[phase],alpha_[phase]
150 999999999 	;;; snapshots (epoch):-1=initial, 9x9=last
0
0.431251
0.146204
0.004560
0.555647
0.804783
0.394136
0.617754
0.411711
0.272381
0.623469
0.630350
0.465218
0.815774
0.315092
0.225458
0.612913
0.080943
0.669124
0.512589
0.606528
0.295733
0.505485
0.366621
0.451343
0.457579
0.793786
0.695348
0.563809
0.221716
0.839212
0.471165
0.253201
0.607318
0.789774
0.568350
0.549780
0.487495
0.347108
0.957938
0.328133
0.374490
0.449082
0.543541
0.501799
0.289475
0.368142
0.343251
0.488519
0.526832
0.464917
0.420880
0.260404
0.355122
0.541016
0.456522
0.650202
0.135418
0.411267
0.056738
0.394970
0.185379
0.660748
0.158994
0.555832
0.234418
0.405519
0.655308
0.604485
0.784381
0.413616
0.167773
0.339350
0.633608
0.228210
0.722028
0.523968
0.796066
0.718078
0.832742
0.269581
0.135974
0.526025
0.973096
0.609079
0.393371
0.837956
0.392026
0.840665
0.450436
0.871825
0.614205
0.054971
0.125655
0.302918
0.077678
0.841299
0.596133
0.743842
0.352105
0.746248
0.358343
0.647049
0.549152
0.840463
0.098277
0.175962
0.776757
0.645065
0.763446
0.605202
0.331830
0.288382
0.400197
0.373725
0.679813
0.486007
0.528210
0.161343
0.167248
0.343405
0.332245
0.069414
0.346674
0.600113
0.279722
0.481488
0.154120
0.289111
0.247831
0.165707
0.402515
0.286836
0.504635
0.473855
0.177487
0.043823
0.125042
0.196251
0.838655
0.744286
0.475979
0.803391
0.381835
0.094847
0.343344
0.609641
0.780650
0.288734
0.217479
0.571722
0.511155
0.762570
0.254012
0.844547
0.282527
0.423611
0.205373
0.543356
0.200187
0.366600
0.326137
0.994429
0.477442
0.278657
0.677259
0.603563
0.667500
0.755312
0.193494
0.296924
0.604071
0.439443
0.627292
0.699749
0.822090
0.134853
0.432880
0.200046
0.142458
0.185408
0.434683
0.509361
0.334180
0.413060
0.080191
0.249106
0.018904
0.174134
0.069892
0.415050
0.525422
0.311128
0.462894
0.237537
0.396500
0.389417
0.387224
0.571863
0.213939
0.394829
0.321749
0.177376
0.863792
0.946477
0.534340
0.834926
0.401330
0.255262
0.024717
0.668267
0.547478
0.544409
0.047286
0.536129
0.610458
0.609910
0.291180
0.534979
0.417936
0.336559
0.189480
0.309641
0.139295
0.396399
0.400865
0.513237
0.986413
0.197614
0.519284
0.257421
0.675604
0.580180
0.223576
0.265812
0.645805
0.483775
0.870225
0.959405
0.564074
0.267638
0.400962
0.487477
0.437544
0.440113
0.266533
0.140196
0.469332
0.303571
0.347699
0.471786
0.176541
0.237951
0.281612
0.075117
0.442076
0.003785
0.000743
0.021597
0.019111
0.018954
0.030073
0.032232
0.014233
0.003201
0.014612
0.024504
0.964069
0.975827
0.958805
0.979686
0.961549
0.023169
0.008333
0.989371
0.968054
0.023713
0.014644
0.035090
0.985399
0.983268
0.029239
0.975311
0.024034
0.004300
0.013936
0.015617
0.012419
0.965935
0.018460
0.972477
0.983821
0.007887
0.037556
0.024611
0.989345
0.978777
0.009582
0.005842
0.967622
0.980376
0.975526
0.978063
0.968502
0.020178
0.030182
0.002318
0.007242
0.028591
0.024596
0.029821
0.023167
0.020840
0.008451
0.004093
0.026452
0.004436
0.018697
0.027877
0.010169
0.022443
0.012323
0.010117
0.018240
0.018747
0.014883
0.024949
0.022098
0.002934
0.006705
0.014618
0.988556
0.977037
0.976446
0.976947
0.982194
0.009414
0.017110
0.966269
0.999088
0.023773
0.008549
0.026448
0.980652
0.986282
0.006864
0.986179
0.035656
0.020394
0.015241
0.027339
0.017468
0.965816
0.002131
0.978111
0.979998
0.022782
0.009828
0.022945
0.973564
0.967367
0.008907
0.008367
0.984535
0.971623
0.988589
0.986324
0.988941
0.011050
0.008324
0.000290
0.003458
0.009881
0.001272
0.035415
0.008807
0.010581
0.022284
0.020025
0.013540
0.013973
0.017986
0.027036
0.017668
0.016681
0.010242
0.012715
0.028193
0.012389
0.018133
0.023915
0.000258
0.013402
0.003402
0.000716
0.975121
0.990085
0.976259
0.991205
0.964759
0.010548
0.014887
0.981176
0.987690
0.019131
0.018685
0.015031
0.962909
0.970289
0.002551
0.986339
0.020432
0.008613
0.016647
0.023398
0.008581
0.966122
0.005017
0.989784
0.973927
0.025910
0.014546
0.019761
0.980974
0.976255
0.007837
0.031198
0.984671
0.980528
0.988675
0.989237
0.984958
0.024180
0.003366
0.003050
0.000381
0.012698
0.014282
0.027146
0.021596
0.020136
0.015273
0.021745
0.012595
0.031166
0.026552
0.020114
0.001598
0.000250
0.047123
0.112474
0.496554
0.110205
0.112882
0.156185
0.176962
0.090958
0.083139
0.011858
0.909942
0.807327
0.905131
0.907495
0.468844
0.024547
0.115608
0.617922
0.870528
0.105324
0.120311
0.281909
0.541753
0.411479
0.064401
0.970050
0.558042
0.139774
0.026524
0.217513
0.196087
0.595308
0.211116
0.974049
0.533619
0.219203
0.132292
0.171281
0.477198
0.446921
0.182595
0.471523
0.821933
0.812915
0.773562
0.831613
0.877436
0.400742
0.190648
0.052824
0.174833
0.175222
0.065219
0.594655
0.317856
0.467006
0.106780
0.463130
0.403847
0.344808
0.463409
0.310611
0.106945
0.176512
0.011584
0.014688
0.493324
0.109982
0.104480
0.011424
0.140564
0.039117
0.193572
0.115083
0.961673
0.930551
0.856626
0.784616
0.505368
0.132188
0.138162
0.513554
0.919872
0.049783
0.013774
0.133507
0.403128
0.491636
0.241600
0.924272
0.684842
0.048004
0.274350
0.051446
0.145672
0.553214
0.199571
0.724249
0.420812
0.266298
0.064403
0.068566
0.437900
0.428914
0.192939
0.523567
0.732359
0.868100
0.820184
0.788404
0.793112
0.456773
0.096887
0.011305
0.069380
0.215473
0.158584
0.477395
0.640127
0.467940
0.207106
0.628829
0.562251
0.544826
0.651079
0.521746
0.228527
0.111493
0.058502
0.048645
0.530832
0.217634
0.232006
0.099489
0.011194
0.268940
0.069605
0.110006
0.705968
0.875313
0.949918
0.697417
0.211919
0.293204
0.135664
0.205267
0.693572
0.280546
0.293942
0.133427
0.217681
0.509096
0.054133
0.668995
0.477756
0.005734
0.263200
0.240047
0.070152
0.420149
0.067018
0.889389
0.378393
0.205826
0.075170
0.303847
0.361747
0.464392
0.061016
0.732395
0.738943
0.815598
0.896873
0.832477
0.916829
0.659371
0.242899
0.151349
0.017045
0.147365
0.029034
0.727600
0.750657
0.725417
0.307048
0.717166
0.652000
0.663718
0.604048
0.505427
0.169330
0.274535
0.005053
0.074014
0.689266
0.007521
0.028607
0.223816
0.035584
0.020474
0.273139
0.147716
0.973366
0.882690
0.877683
0.689891
0.483519
0.334463
0.286741
0.407600
0.739086
0.332062
0.158870
0.180241
0.220148
0.202418
0.192895
0.871538
0.657845
0.104184
0.003540
0.245649
0.342730
0.321615
0.310965
0.675680
0.313972
0.250553
0.140098
0.105051
0.217173
0.330906
0.192208
0.785626
0.978676
0.860395
0.832889
0.894184
0.797251
0.749489
0.104021
0.170873
0.069535
0.061152
0.147071
0.799063
0.686731
0.817882
0.123457
0.641016
0.654936
0.530092
0.710930
0.758301
0.007588
0.210096
0.077495
0.284050
0.613861
0.006131
0.044724
0.046598
0.114692
0.332858
0.161744
0.077326
0.684417
0.583206
0.786057
0.883126
0.143694
0.040471
0.291731
0.412520
0.958534
0.308475
0.321399
0.339786
0.368785
0.281261
0.033751
0.719410
0.551006
0.015806
0.169989
0.014162
0.394901
0.352478
0.012581
0.973412
0.420404
0.011304
0.363418
0.036996
0.147135
0.283886
0.062160
0.625050
0.609009
0.726818
0.644481
0.814383
0.932957
0.635909
0.352731
0.398493
0.180646
0.266809
0.058997
0.649003
0.571632
0.897327
0.341156
0.587496
0.826183
0.624544
0.718310
0.831077
0.152115
0.406601
0.257037
0.164289
0.690291
0.111110
0.338926
0.196383
0.382662
0.145339
0.066622
0.140445
0.762824
0.758128
0.918354
0.687071
0.174881
0.090126
0.227274
0.326063
0.933923
0.377088
0.191313
0.265665
0.428050
0.404248
0.364306
0.825580
0.815494
0.342468
0.336561
0.280391
0.316420
0.508403
0.043705
0.757566
0.267293
0.279951
0.106081
0.384035
0.510573
0.336839
0.056912
0.794391
0.887518
0.859679
0.826976
0.641048
0.914668
0.644462
0.173140
0.387246
0.220624
0.072284
0.295262
0.674285
0.714678
0.615477
0.157957
0.560176
0.803508
0.682692
0.891257
0.565358
0.098853
0.166908
0.608332
0.267284
0.147625
0.738544
0.327527
0.860845
0.324669
0.173403
0.067467
0.472128
0.589875
0.805959
0.648539
0.888710
0.227479
0.339332
0.195010
0.169955
0.869308
0.621762
0.407735
0.566372
0.496897
0.193540
0.076508
0.547776
0.227077
0.556902
0.341571
0.292113
0.522634
0.393259
0.023985
0.860201
0.734240
0.636421
0.696270
0.462133
0.756301
0.742934
0.492532
0.575821
0.444299
0.515792
0.174391
0.387324
0.752831
0.184980
0.503528
0.542629
0.632711
0.476834
0.537562
0.284887
0.197479
0.335443
0.043599
0.284841
0.529122
0.277518
0.639739
0.106497
0.480930
0.597544
0.110156
0.018577
0.530222
0.517683
0.620316
0.429304
0.099684
0.174930
0.530281
0.241760
0.165224
0.577449
0.582949
0.935254
0.189379
0.101661
0.151677
0.245717
0.838665
0.506029
0.477746
0.345695
0.308094
0.542570
0.079782
0.959491
0.690820
0.175899
0.604650
0.723082
0.273204
0.256516
0.237672
0.756624
0.564322
0.408998
0.394169
0.820451
0.707276
0.237794
0.490012
0.531099
0.620323
0.194373
0.725250
0.992645
0.146698
0.404068
0.000656
0.416613
0.581737
0.020640
0.639062
0.222091
0.519822
0.478155
0.360098
0.256256
0.560874
0.587585
0.624266
0.508369
0.185772
0.355995
0.263100
0.508100
0.288493
0.456905
0.683783
0.493004
0.209420
0.207436
0.299228
0.352709
0.452849
0.763200
0.430973
0.950919
0.740017
0.062394
0.066651
0.815466
0.718025
0.452359
0.369780
0.504144
0.346004
0.417277
0.350455
0.946467
0.276769
0.273814
0.124360
0.606711
0.173477
0.637770
0.409884
0.600975
0.815532
0.232554
0.183677
0.318659
0.649534
0.595171
0.509737
0.123218
0.635303
0.366595
0.691034
0.799597
0.796344
0.098924
0.105132
0.123355
0.073374
0.411483
0.093018
0.639640
0.154882
0.295893
0.085668
0.055764
0.393150
0.072589
0.503091
0.407760
0.333973
0.440391
0.231074
0.009787
0.255845
0.453318
0.337086
0.530171
0.107659
0.198341
0.233589
0.021787
0.648942
0.741368
0.628440
0.670610
0.834501
0.225626
0.307777
0.593916
0.673350
0.211976
0.153744
0.428986
0.810109
0.617024
0.274249
0.621403
0.176866
0.121049
0.220401
0.184117
0.197499
0.788437
0.375194
0.680108
0.671450
0.469938
0.176373
0.466095
0.676048
0.790870
0.150986
0.069077
0.793516
0.425925
0.747704
0.807313
0.705923
0.132661
0.291092
0.069801
0.284254
0.200487
0.390967
0.204476
0.159492
0.073339
0.020805
0.017718
0.041815
0.292317
0.196056
0.270192
0.164734
0.378017
0.017115
0.015772
0.011119
0.017128
0.035046
0.031766
0.011889
0.020048
0.012035
0.016158
0.982088
0.981181
0.981785
0.981010
0.984634
0.003815
0.013338
0.983088
0.996759
0.019420
0.001966
0.026175
0.974742
0.984663
0.022880
0.994355
0.035338
0.010020
0.003622
0.016918
0.024692
0.980046
0.006030
0.986264
0.974688
0.021723
0.020241
0.016319
0.974507
0.985254
0.001375
0.025507
0.966265
0.987060
0.974886
0.991341
0.983076
0.016154
0.007956
0.014998
0.008489
0.002291
0.017572
0.025541
0.022332
0.020079
0.018309
0.004573
0.010980
0.021826
0.009924
0.003617
0.013512
0.012472
0.004444
0.000184
0.007131
0.007170
0.010750
0.007876
0.000536
0.000267
0.002075
0.002921
0.992020
0.997436
0.993663
0.993064
0.988801
0.006789
0.003913
0.989444
0.993835
0.004965
0.004603
0.006556
0.991578
0.990759
0.002072
0.998114
0.012754
0.000900
0.001163
0.008336
0.002969
0.987367
0.003511
0.993633
0.997016
0.006977
0.005223
0.004738
0.994394
0.991800
0.006138
0.003919
0.990159
0.994483
0.990495
0.998043
0.992559
0.005278
0.006520
0.003360
0.004002
0.001881
0.001392
0.009725
0.004614
0.008665
0.005589
0.007719
0.009923
0.005309
0.008086
0.005285
0.002457
0.002931
0.006338
0.006842
0.021520
0.010783
0.021125
0.018636
0.002601
0.007144
0.004555
0.005981
0.980270
0.999919
0.980571
0.996283
0.967419
0.003514
0.010292
0.970582
0.985985
0.014894
0.007167
0.013714
0.970267
0.964840
0.001482
0.993342
0.028235
0.010635
0.003951
0.015355
0.004624
0.976743
0.001105
0.986871
0.977894
0.019205
0.024478
0.015780
0.981639
0.965928
0.013368
0.018820
0.981020
0.983063
0.976712
0.987229
0.983377
0.017735
0.004077
0.014575
0.009835
0.009905
0.005170
0.037029
0.025059
0.023091
0.012696
0.019107
0.017101
0.013750
0.013981
0.021566
0.007833
0.003110
0.107039
0.133380
0.476546
0.216109
0.147003
0.236844
0.186630
0.085363
0.086986
0.059593
0.906601
0.995323
0.768885
0.952368
0.466266
0.150170
0.030214
0.514137
0.957168
0.193643
0.004278
0.098803
0.576697
0.552838
0.121583
0.854274
0.399243
0.031269
0.146939
0.114820
0.171822
0.572186
0.161284
0.951639
0.518703
0.112477
0.262549
0.210012
0.627965
0.542313
0.106563
0.466925
0.870154
0.901657
0.782354
0.993133
0.882659
0.442915
0.029134
0.055420
0.037123
0.116897
0.047849
0.423207
0.403172
0.351563
0.169569
0.468998
0.319901
0.332562
0.380348
0.446713
0.116208
0.015094
0.069216
0.177667
0.487473
0.153412
0.035805
0.142782
0.027646
0.216642
0.187856
0.054090
0.936545
0.977498
0.899568
0.931472
0.379634
0.083453
0.018450
0.462698
0.916749
0.161534
0.072685
0.089243
0.535680
0.451940
0.023093
0.792606
0.452244
0.039157
0.216542
0.219116
0.035628
0.400841
0.039703
0.901411
0.460936
0.041486
0.083512
0.113302
0.416259
0.520651
0.134166
0.594080
0.943320
0.904731
0.860715
0.848233
0.970095
0.526421
0.132452
0.089633
0.123904
0.199393
0.098599
0.637350
0.525686
0.646423
0.132955
0.657170
0.513293
0.667878
0.651598
0.548686
0.122000
0.221587
0.007139
0.000955
0.975141
0.006279
0.014755
0.017008
0.002082
0.013544
0.009368
0.014128
0.998060
0.989520
0.996366
0.981252
0.027847
0.007454
0.010355
0.020003
0.987557
0.013289
0.000556
0.008515
0.030283
0.026933
0.011912
0.995708
0.976838
0.009166
0.011591
0.010099
0.018368
0.025166
0.002197
0.990224
0.020534
0.009583
0.017081
0.008209
0.032952
0.021097
0.011469
0.967323
0.996139
0.995943
0.984331
0.997481
0.998066
0.974492
0.009583
0.007844
0.017311
0.016470
0.008147
0.976715
0.972940
0.969591
0.002795
0.968507
0.970770
0.975626
0.968645
0.977771
0.010964
0.002175
0.015764
0.006612
0.969053
0.018222
0.017919
0.005429
0.003809
0.004393
0.009232
0.002911
0.988609
0.992507
0.996203
0.991319
0.023652
0.017818
0.014530
0.031082
0.991973
0.002291
0.009164
0.012321
0.021022
0.029944
0.013628
0.995256
0.975042
0.006843
0.015519
0.006431
0.014061
0.031811
0.000006
0.985032
0.025844
0.010824
0.005250
0.009555
0.016874
0.033003
0.012855
0.984688
0.995438
0.987829
0.991621
0.992977
0.997142
0.982575
0.009773
0.018357
0.007163
0.017206
0.009555
0.974273
0.983616
0.981080
0.004651
0.967726
0.971113
0.983049
0.973968
0.974007
0.008134
0.009118
0.004925
0.014221
0.973104
0.014831
0.012036
0.012793
0.009171
0.007543
0.003967
0.001554
0.984075
0.997366
0.991317
0.988840
0.023235
0.022303
0.012280
0.009729
0.993115
0.011771
0.003661
0.020253
0.026797
0.022501
0.018576
0.994627
0.977926
0.008407
0.001743
0.011608
0.002137
0.027641
0.003848
0.996157
0.009968
0.008779
0.019574
0.014643
0.020940
0.019977
0.007447
0.969165
0.978890
0.979010
0.978279
0.978448
0.979663
0.988887
0.000249
0.021315
0.007859
0.021203
0.016761
0.989558
0.983110
0.969080
0.006597
0.985800
0.989547
0.990102
0.969611
0.987086
0.014362
0.020303
0.308513
0.203111
0.729328
0.131636
0.290904
0.078697
0.251571
0.268296
0.251717
0.060823
0.824062
0.923819
0.870282
0.895491
0.313121
0.262284
0.309179
0.308632
0.936233
0.047212
0.097589
0.079250
0.470786
0.287297
0.043713
0.926076
0.717388
0.125745
0.185594
0.007598
0.293489
0.362408
0.331826
0.913049
0.232610
0.275639
0.210637
0.145037
0.362095
0.188422
0.211690
0.725112
0.997066
0.768765
0.792993
0.778825
0.771748
0.821657
0.159865
0.107264
0.055667
0.087997
0.081062
0.812239
0.585070
0.648660
0.292481
0.693954
0.599371
0.623737
0.641363
0.544667
0.051673
0.012127
0.460983
0.476730
0.183413
0.644965
0.540899
0.596611
0.473374
0.182271
0.021521
0.169404
0.344363
0.683073
0.463786
0.896234
0.424272
0.395724
0.115212
0.336420
0.443777
0.859978
0.437246
0.863196
0.616329
0.366476
0.455007
0.469748
0.787285
0.464114
0.371527
0.463376
0.229146
0.298847
0.052582
0.856240
0.580028
0.423109
0.558528
0.421300
0.560464
0.184780
0.376839
0.292331
0.125000
0.546064
0.328335
0.974221
0.357713
0.393331
0.036221
0.296835
0.029865
0.449299
0.423448
0.336089
0.453171
0.341100
0.279446
0.472655
0.244463
0.209461
0.187517
0.477068
0.183193
0.542419
0.132556
0.013422
0.232032
0.679679
0.584401
0.500781
0.382080
0.403856
0.315504
0.369979
0.290134
0.803786
0.370190
0.599290
0.453203
0.088668
0.076390
0.283900
0.935139
0.817368
0.213839
0.732644
0.643068
0.603187
0.149924
0.705319
0.387111
0.165270
0.507066
0.698868
0.028049
0.383447
0.531724
0.687470
0.646876
0.326221
0.544544
0.409648
0.586073
0.402348
0.129276
0.529428
0.491989
0.454597
0.139186
0.690889
0.672614
0.123940
0.247411
0.437935
0.119272
0.195235
0.217156
0.849479
0.007476
0.083805
0.346708
0.204380
0.029492
0.247954
0.341993
0.337472
0.521721
0.402107
0.428087
0.152962
0.372154
0.721899
0.492808
0.694457
0.279135
0.144337
0.364847
0.195398
0.500897
0.574133
0.568105
0.586939
0.292001
0.341674
0.140720
0.692897
0.709757
0.392289
0.024991
0.297399
0.702861
0.367779
0.338268
0.641922
0.472163
0.079254
0.394929
0.679216
0.388183
0.468692
0.256984
0.946409
0.624953
0.330099
0.608978
0.349580
0.556982
0.280454
0.288909
0.364715
0.493910
0.612525
0.700976
0.788221
0.617173
0.219374
0.377202
0.357865
0.108750
0.087211
0.283015
0.417122
0.363913
0.433928
0.356935
0.124070
0.195713
0.155008
0.397764
0.185429
0.269146
0.088677
0.250112
0.138561
0.231142
0.295154
0.286798
0.369225
0.254970
0.244197
0.281772
0.193157
0.428361
0.840276
0.596816
0.986112
0.392643
0.313988
0.331296
0.405527
0.862522
0.435341
0.234296
0.575793
0.517143
0.581759
0.094004
0.819278
0.337249
0.274225
0.218763
0.542372
0.246390
0.490851
0.193777
0.796520
0.683824
0.553808
0.454678
0.322359
0.906781
0.684285
0.007339
0.279397
0.502148
0.598569
0.738486
0.770417
0.593845
0.126594
0.138799
0.268039
0.277287
0.004071
0.238183
0.522475
0.181219
0.002145
0.076115
0.146717
0.319080
0.230905
0.325616
0.158625
0.150991
0.132139
0.016155
0.002142
0.013755
0.020911
0.017742
0.025067
0.004820
0.011562
0.017491
0.014736
0.976625
0.979625
0.970822
0.997406
0.973646
0.006534
0.014991
0.965072
0.988182
0.024362
0.017875
0.037442
0.965575
0.976660
0.013431
0.996000
0.025051
0.010904
0.002546
0.022539
0.007728
0.979982
0.006169
0.998207
0.991865
0.032829
0.023552
0.031525
0.995609
0.969519
0.014143
0.011346
0.974629
0.972825
0.981355
0.980490
0.965737
0.009111
0.015021
0.010172
0.008176
0.020926
0.019201
0.021519
0.016605
0.020027
0.009033
0.012209
0.023378
0.003050
0.016988
0.014264
0.018635
0.014365
0.011904
0.000436
0.012107
0.024100
0.027703
0.028130
0.006415
0.014300
0.007953
0.009275
0.978239
0.991678
0.968443
0.995036
0.964102
0.003608
0.000656
0.973371
0.996490
0.027788
0.001895
0.023174
0.970075
0.974936
0.012377
0.987658
0.026907
0.007230
0.003262
0.025591
0.003227
0.962400
0.008702
0.999983
0.992337
0.019074
0.031481
0.023882
0.987931
0.968873
0.009895
0.014749
0.974478
0.974083
0.981650
0.996311
0.982621
0.014858
0.009729
0.013333
0.010444
0.000378
0.009755
0.030786
0.010170
0.011740
0.004126
0.012204
0.020918
0.020582
0.018521
0.007806
0.012533
0.009055
0.001550
0.010954
0.016826
0.022863
0.022248
0.022311
0.008075
0.010145
0.003607
0.009420
0.976298
0.996289
0.975001
0.999734
0.963110
0.006784
0.008018
0.965464
0.991014
0.023275
0.006427
0.027189
0.960457
0.962458
0.008549
0.997281
0.031297
0.002923
0.007397
0.025707
0.011276
0.963489
0.003895
0.997561
0.981666
0.022531
0.016260
0.024234
0.978903
0.966283
0.011949
0.012217
0.973686
0.977942
0.977817
0.989196
0.971490
0.016921
0.006763
0.009118
0.010690
0.008552
0.004464
0.030141
0.015198
0.014804
0.002950
0.015152
0.022029
0.017547
0.015663
0.013751
0.001831
0.009547
0.187789
0.027287
0.391498
0.102842
0.237001
0.179959
0.091930
0.081831
0.110822
0.157842
0.736116
0.897662
0.826390
0.893530
0.553120
0.021558
0.178121
0.598818
0.941551
0.136803
0.164226
0.202898
0.445199
0.473059
0.117707
0.965040
0.446760
0.137479
0.009008
0.178594
0.047234
0.558280
0.092676
0.969830
0.659206
0.153422
0.117336
0.087683
0.536485
0.504649
0.061494
0.461865
0.759515
0.827637
0.856096
0.873363
0.814118
0.505981
0.061760
0.082154
0.010870
0.122874
0.127600
0.462531
0.416800
0.356431
0.146308
0.385633
0.363351
0.441082
0.440935
0.319512
0.018010
0.158816
0.053672
0.071095
0.626925
0.230347
0.083149
0.161014
0.101636
0.130366
0.194395
0.071642
0.812017
0.878721
0.840032
0.813864
0.488084
0.153188
0.069446
0.550787
0.906942
0.018127
0.011053
0.067374
0.374423
0.368552
0.183242
0.913682
0.493127
0.137319
0.080945
0.056493
0.150756
0.361732
0.111034
0.809027
0.512973
0.110291
0.240499
0.155197
0.439265
0.436501
0.002111
0.503774
0.867382
0.916430
0.819437
0.800941
0.949057
0.570853
0.059405
0.092738
0.124555
0.033259
0.068739
0.619106
0.460135
0.483149
0.036133
0.606271
0.559302
0.525436
0.565150
0.482395
0.071412
0.042371
0.004343
0.001104
0.980242
0.018491
0.012517
0.000256
0.013897
0.013317
0.015344
0.014185
0.998974
0.985595
0.985373
0.984735
0.028852
0.016750
0.002997
0.034094
0.996008
0.013128
0.016036
0.013500
0.022629
0.019565
0.013620
0.997692
0.980107
0.016603
0.005312
0.012136
0.013433
0.022656
0.013069
0.988917
0.029103
0.009164
0.014879
0.004780
0.030581
0.023041
0.003343
0.966593
0.992949
0.980665
0.983327
0.992423
0.990449
0.975445
0.013244
0.009459
0.015505
0.002916
0.017506
0.967767
0.970460
0.966075
0.007851
0.980047
0.982440
0.979221
0.975477
0.968562
0.001115
0.006916
0.006595
0.004001
0.993911
0.003844
0.005267
0.003398
0.001733
0.001826
0.001880
0.004848
0.999154
0.994218
0.997455
0.997884
0.006972
0.002333
0.002149
0.010099
0.993547
0.003706
0.005777
0.007951
0.011020
0.006329
0.002457
0.996638
0.992807
0.003608
0.004884
0.001676
0.004306
0.008446
0.000722
0.993414
0.007814
0.002115
0.004548
0.003480
0.008714
0.006637
0.000146
0.988524
0.991945
0.994394
0.993069
0.998616
0.993259
0.991921
0.001964
0.004168
0.006323
0.000262
0.004497
0.987708
0.989810
0.992106
0.004420
0.992730
0.990925
0.988564
0.992906
0.991661
0.002107
0.000951
0.005853
0.011165
0.972300
0.008416
0.005262
0.009761
0.013340
0.005490
0.017213
0.004355
0.996882
0.980357
0.994385
0.984056
0.017118
0.018296
0.016046
0.016537
0.978008
0.013320
0.003561
0.009936
0.030186
0.021774
0.004008
0.985959
0.978967
0.005229
0.023336
0.007726
0.005408
0.021362
0.004916
0.999097
0.013980
0.010038
0.007589
0.010521
0.017772
0.012071
0.015850
0.981096
0.991331
0.992346
0.997414
0.990302
0.976368
0.969118
0.018087
0.009997
0.016268
0.008198
0.017048
0.969172
0.976830
0.987083
0.003733
0.970818
0.976531
0.981171
0.979844
0.968265
0.012802
0.009136
0.287331
0.022080
0.559332
0.168208
0.249364
0.064162
0.087176
0.187886
0.288712
0.266188
0.782775
0.674042
0.829734
0.936780
0.348978
0.251983
0.221187
0.402855
0.829770
0.111083
0.138029
0.083249
0.428214
0.411056
0.190257
0.718234
0.578725
0.117071
0.217621
0.145820
0.246134
0.130432
0.227814
0.782159
0.272511
0.093490
0.278603
0.312156
0.380984
0.207719
0.053543
0.727379
0.916025
0.675020
0.831199
0.690919
0.929734
0.650627
0.188897
0.100445
0.249361
0.064876
0.209109
0.637798
0.737257
0.563790
0.250832
0.587169
0.703778
0.672639
0.854888
0.691586
0.294931
0.009690
0.022782
0.549260
0.197207
0.442254
0.431788
0.351086
0.443635
0.546169
0.391249
0.121674
0.279819
0.900857
0.269046
0.852123
0.552012
0.309555
0.363226
0.321425
0.553957
0.454905
0.147300
0.378227
0.296065
0.571862
0.528438
0.991772
0.847767
0.497649
0.336966
0.423790
0.465554
0.305790
0.356865
0.602293
0.733943
0.341406
0.466021
0.435837
0.675951
0.380593
0.148491
0.400182
0.631934
0.189914
0.558596
0.830665
0.556157
0.228264
0.295530
0.514387
0.275986
0.115650
0.168406
0.839745
0.109203
0.449159
0.218519
0.531145
0.407625
0.308422
0.509184
0.241201
0.445757
0.018864
0.210998
0.117273
0.368929
0.732373
0.562595
0.821118
0.051370
0.166558
0.104080
0.156958
0.485576
0.910974
0.537129
0.811783
0.352305
0.394406
0.382531
0.117086
0.644941
0.695928
0.416430
0.838615
0.294618
0.515432
0.078455
0.581823
0.608484
0.207657
0.420312
0.541157
0.138985
0.478298
0.092182
0.796100
0.618566
0.815769
0.445857
0.504327
0.839220
0.463151
0.060054
0.137025
0.433765
0.464935
0.302098
0.693443
0.513756
0.205423
0.268744
0.189549
0.494391
0.241658
0.297207
0.512615
0.264399
0.387070
0.100856
0.442096
0.145120
0.092595
0.379804
0.135102
0.239159
0.368412
0.035685
0.226053
0.054311
0.650625
0.653788
0.649556
0.210609
0.202992
0.044980
0.141893
0.398520
0.753033
0.288550
0.894253
0.361592
0.117255
0.024566
0.464348
0.826863
0.524476
0.176002
0.481347
0.313468
0.450647
0.206863
0.875123
0.655533
0.272427
0.173995
0.640570
0.122373
0.318137
0.242985
0.850168
0.990634
0.757949
0.650962
0.599793
0.821353
0.390840
0.043671
0.075698
0.381932
0.487340
0.272345
0.865515
0.233438
0.061675
0.028249
0.078844
0.230507
0.065205
0.113846
0.536484
0.217659
0.281756
0.133921
0.249372
0.010714
0.235107
0.010378
0.239397
0.018859
0.061142
0.135694
0.139252
0.179346
0.607284
0.478246
0.502999
0.113023
0.011266
0.104666
0.206295
0.485827
0.850426
0.423672
0.926707
0.544625
0.094108
0.116300
0.435335
0.868394
0.464040
0.229462
0.450512
0.486547
0.470829
0.179263
0.837839
0.492289
0.135946
0.073716
0.561424
0.017915
0.438054
0.155831
0.915385
0.855583
0.471595
0.572642
0.617157
0.996073
0.387745
0.094892
0.176709
0.554376
0.343119
0.484808
0.949363
0.359663
0.194288
0.041731
0.108431
0.099394
0.202366
0.161773
0.572864
0.104444
0.206586
0.010247
0.092559
0.182944
0.062205
0.148083
0.111322
0.154102
0.193168
0.036642
0.154268
0.098671
0.602841
0.518509
0.478284
0.186685
0.049568
0.109023
0.176489
0.500383
0.827065
0.520554
0.845479
0.347666
0.125229
0.009247
0.345019
0.799420
0.533228
0.198630
0.584312
0.431238
0.472390
0.081303
0.881134
0.589686
0.130255
0.110672
0.567844
0.010957
0.404610
0.122025
0.938458
0.862760
0.616526
0.541686
0.563676
0.813342
0.546766
0.085427
0.199696
0.459107
0.391430
0.552348
0.938421
0.546691
0.217500
0.139724
0.190096
0.166844
0.173058
0.115784
0.501827
0.182103
0.141825
0.056185
0.154798
0.155220
0.043647
0.106630
0.203940
0.069523
0.005443
0.096311
0.021728
0.170355
0.437217
0.442589
0.428690
0.098357
0.126414
0.059032
0.032113
0.496934
0.899688
0.511118
0.893940
0.428343
0.080652
0.066778
0.401079
0.917924
0.460521
0.135243
0.405029
0.455135
0.474703
0.019442
0.880224
0.510402
0.078866
0.122990
0.444338
0.010439
0.409082
0.048779
0.858968
0.908729
0.542984
0.449571
0.537085
0.806074
0.530037
0.122295
0.202480
0.485643
0.529383
0.526734
0.853687
0.539325
0.165587
0.045499
0.043298
0.094125
0.075344
0.092934
0.498343
0.222056
0.147485
0.068661
0.096032
0.090835
0.184883
0.195611
0.141155
0.102291
0.021287
0.036718
0.009435
0.180879
0.336598
0.370161
0.345925
0.088648
0.119232
0.048045
0.020567
0.632929
0.877695
0.660180
0.910066
0.434491
0.008890
0.075967
0.451398
0.948020
0.427840
0.111065
0.379143
0.508484
0.497575
0.007433
0.903976
0.542590
0.127263
0.049524
0.319702
0.085217
0.462131
0.055378
0.882834
0.795369
0.371140
0.358897
0.389404
0.805727
0.491582
0.011711
0.254883
0.617141
0.564143
0.674203
0.921123
0.584120
0.216736
0.096733
0.085882
0.127589
0.073670
0.120839
0.474918
0.226663
0.204389
0.040443
0.236297
0.227984
0.158833
0.261589
0.224329
0.036013
0.055640
0.086863
0.048521
0.324035
0.196881
0.163835
0.243691
0.067871
0.030024
0.082998
0.043326
0.738805
0.875019
0.794866
0.893571
0.451976
0.096135
0.097454
0.474389
0.925146
0.276900
0.090051
0.164666
0.500478
0.410047
0.093885
0.937286
0.523155
0.121258
0.113810
0.199028
0.059155
0.416167
0.052211
0.921219
0.671009
0.169146
0.242990
0.277721
0.634136
0.499839
0.007387
0.406263
0.859347
0.836102
0.822885
0.871011
0.843366
0.450761
0.053258
0.004290
0.134655
0.105184
0.119214
0.477055
0.339520
0.354853
0.045573
0.360809
0.377453
0.389335
0.326579
0.436360
0.085101
0.123744
0.050457
0.096057
0.504153
0.176276
0.201555
0.097400
0.068802
0.025449
0.084826
0.063692
0.785221
0.813886
0.882508
0.901805
0.332517
0.046734
0.051432
0.467279
0.834025
0.189185
0.137075
0.202240
0.444755
0.367811
0.094148
0.972007
0.574546
0.056209
0.061690
0.142050
0.090802
0.438409
0.055607
0.881038
0.520654
0.212950
0.206608
0.208270
0.477824
0.431661
0.064332
0.442419
0.776292
0.871597
0.778789
0.900039
0.831170
0.488419
0.030242
0.080584
0.077970
0.110817
0.133210
0.539206
0.580916
0.573297
0.045908
0.508487
0.566253
0.499000
0.497742
0.447693
0.037584
0.072190
0.006288
0.010226
0.969369
0.019684
0.016752
0.014161
0.005351
0.011089
0.010939
0.006110
0.984598
0.985532
0.986949
0.998376
0.014416
0.006835
0.001653
0.024612
0.986401
0.007120
0.011648
0.014500
0.016927
0.021439
0.009793
0.998002
0.975217
0.011562
0.010389
0.018023
0.009261
0.023341
0.009707
0.991238
0.025206
0.013895
0.010611
0.014633
0.026635
0.016405
0.005098
0.973461
0.983330
0.988410
0.990553
0.995373
0.979317
0.976485
0.007547
0.005635
0.011523
0.002325
0.010156
0.979866
0.974482
0.974288
0.002307
0.966362
0.970873
0.971570
0.978682
0.975228
0.004016
0.003948
0.007026
0.009587
0.978286
0.013413
0.014984
0.016646
0.002333
0.002549
0.002637
0.005899
0.985257
0.989317
0.994484
0.987712
0.019896
0.010695
0.010484
0.019542
0.987045
0.016469
0.005398
0.012369
0.017372
0.020144
0.006378
0.987899
0.974714
0.012690
0.013499
0.022019
0.009097
0.018563
0.005480
0.989507
0.032002
0.015385
0.019700
0.015464
0.030202
0.014843
0.008441
0.966278
0.985459
0.987552
0.988982
0.992554
0.988888
0.971104
0.001310
0.008799
0.003378
0.009288
0.013783
0.973835
0.967675
0.975414
0.007753
0.972125
0.965533
0.973596
0.971272
0.966060
0.008554
0.004627
0.010573
0.006450
0.969471
0.010635
0.021897
0.016172
0.013201
0.001020
0.010481
0.015516
0.978704
0.990383
0.984442
0.984480
0.015485
0.001176
0.007328
0.021724
0.988503
0.017637
0.006474
0.011704
0.018228
0.013286
0.008223
0.990104
0.985478
0.014676
0.006868
0.017763
0.001733
0.014302
0.009283
0.995889
0.033259
0.025040
0.023184
0.016000
0.030223
0.022415
0.002049
0.970844
0.986025
0.976202
0.978541
0.993828
0.984522
0.976861
0.006719
0.007199
0.010406
0.008206
0.018878
0.981798
0.971531
0.968966
0.013202
0.973498
0.970859
0.971528
0.979776
0.967693
0.010438
0.010860
0.198860
0.228409
0.551406
0.217647
0.240843
0.100957
0.027578
0.054459
0.117330
0.118357
0.867544
0.927819
0.695293
0.823988
0.332201
0.027364
0.019252
0.269399
0.761080
0.239574
0.101114
0.250469
0.338610
0.218645
0.125909
0.819102
0.780075
0.124630
0.135585
0.186946
0.098361
0.132973
0.196547
0.829239
0.449219
0.183605
0.276423
0.152693
0.346319
0.285686
0.052411
0.666119
0.776700
0.755613
0.816517
0.953111
0.691463
0.621199
0.212256
0.085906
0.224061
0.214372
0.188658
0.701430
0.669797
0.506651
0.152827
0.680067
0.622769
0.510233
0.721825
0.687946
0.053316
0.066214
0.365961
0.247395
0.082633
0.658226
0.362545
0.439864
0.253176
0.275927
0.312781
0.302911
0.586074
0.468239
0.458994
0.984905
0.127064
0.335189
0.206529
0.489501
0.519983
0.779665
0.097307
0.667987
0.236379
0.459674
0.255534
0.650788
0.829199
0.535587
0.465232
0.536448
0.097901
0.195664
0.209100
0.530537
0.675176
0.747844
0.497404
0.719449
0.659853
0.536130
0.086520
0.132870
0.645089
0.436385
0.371153
0.842617
0.277316
0.228226
0.556991
0.108368
0.512680
0.446471
0.157802
0.742058
0.536073
0.337386
0.108518
0.173528
0.445857
0.078845
0.069451
0.274804
0.022827
0.245191
0.027771
0.173916
0.392147
0.725071
0.540597
0.707136
0.089107
0.169466
0.228609
0.160212
0.423117
0.588895
0.561480
0.789897
0.257825
0.043008
0.242301
0.281888
0.584263
0.539494
0.313049
0.709218
0.188097
0.216508
0.276190
0.689226
0.831943
0.290128
0.362865
0.640292
0.319461
0.529983
0.190092
0.844141
0.987697
0.540626
0.825262
0.614637
0.618596
0.203038
0.411201
0.263731
0.163233
0.451563
0.461675
0.584944
0.518877
0.366009
0.431137
0.443289
0.328773
0.387757
0.052596
0.607537
0.052356
0.397038
0.025923
0.072441
0.234248
0.118586
0.110451
0.167608
0.265518
0.243266
0.015660
0.017580
0.003956
0.967020
0.976763
0.982791
0.012641
0.002037
0.006213
0.003856
0.024019
0.985546
0.034978
0.982735
0.018641
0.015950
0.001801
0.020452
0.982277
0.975481
0.006144
0.969566
0.017308
0.027709
0.012909
0.988849
0.966646
0.005805
0.012455
0.972348
0.009420
0.024357
0.006346
0.996925
0.991836
0.969483
0.974846
0.982003
0.991691
0.034287
0.013620
0.006561
0.034144
0.033372
0.032287
0.984160
0.019272
0.016665
0.006537
0.002800
0.014902
0.013736
0.013563
0.973678
0.013046
0.005432
0.012400
0.012963
0.010913
0.009944
0.002762
0.004375
0.014264
0.002746
0.008257
0.002302
0.009100
0.978525
0.978554
0.970888
0.002358
0.010799
0.006092
0.011194
0.029314
0.985615
0.024756
0.991247
0.019329
0.012678
0.000973
0.032800
0.985123
0.970998
0.007365
0.977502
0.022130
0.029896
0.002380
0.993155
0.975077
0.014218
0.010839
0.974495
0.009484
0.030137
0.002063
0.990834
0.991786
0.972814
0.970980
0.970176
0.991415
0.026252
0.010667
0.005411
0.029195
0.018189
0.024904
0.983425
0.017510
0.002411
0.011270
0.014798
0.009103
0.015045
0.016637
0.974679
0.008720
0.016996
0.005535
0.001909
0.013061
0.003833
0.016082
0.003371
0.001681
0.009475
0.007272
0.002963
0.005389
0.979557
0.973032
0.966488
0.007883
0.008819
0.009739
0.009450
0.029381
0.995192
0.037678
0.983533
0.020541
0.000995
0.005073
0.026594
0.985046
0.966218
0.019034
0.964542
0.022123
0.015147
0.008227
0.980279
0.964813
0.006861
0.023204
0.963353
0.007670
0.023221
0.002579
0.983495
0.984252
0.972787
0.975669
0.965825
0.978264
0.020792
0.010113
0.006305
0.018756
0.022437
0.033438
0.980439
0.016738
0.004869
0.001854
0.018830
0.018325
0.017374
0.017893
0.978401
0.023224
0.020107
0.006978
0.002407
0.004882
0.009777
0.010553
0.001864
0.000724
0.004254
0.084554
0.076607
0.119944
0.629957
0.633961
0.467720
0.077755
0.069027
0.008936
0.115727
0.591904
0.913906
0.581411
0.758727
0.359365
0.067536
0.001295
0.374868
0.768584
0.502069
0.227686
0.414702
0.358641
0.347224
0.052563
0.832433
0.488950
0.081883
0.208379
0.443431
0.050941
0.296223
0.051431
0.806110
0.752786
0.509594
0.567153
0.423678
0.689694
0.326734
0.020385
0.081915
0.415335
0.423450
0.581016
0.784726
0.337166
0.173521
0.079857
0.168084
0.207323
0.206639
0.294066
0.616400
0.282802
0.249197
0.051749
0.144370
0.101283
0.126972
0.175107
0.080807
0.077687
0.048661
0.048638
0.097778
0.236105
0.495774
0.533107
0.308615
0.014722
0.058920
0.035486
0.116436
0.681933
0.956341
0.699707
0.748712
0.376892
0.086428
0.002187
0.400959
0.739984
0.375141
0.210963
0.310401
0.356188
0.343426
0.062082
0.807080
0.498107
0.014617
0.306133
0.406289
0.047507
0.312710
0.039472
0.727205
0.679437
0.364760
0.504815
0.346073
0.636878
0.334945
0.087634
0.159080
0.467005
0.464755
0.607445
0.813725
0.483741
0.215153
0.093187
0.244222
0.273326
0.260670
0.212837
0.696408
0.413172
0.410244
0.025333
0.138323
0.229530
0.223528
0.260012
0.206026
0.065178
0.038833
0.015011
0.090321
0.325169
0.349265
0.352467
0.194459
0.061167
0.012928
0.017012
0.069628
0.783653
0.932867
0.802675
0.767203
0.303557
0.014125
0.069951
0.365727
0.741367
0.138165
0.276443
0.244118
0.381165
0.318412
0.008578
0.802546
0.476994
0.021425
0.213975
0.204786
0.037465
0.343748
0.074569
0.790921
0.466186
0.233041
0.404889
0.190277
0.458771
0.313438
0.035849
0.368931
0.664146
0.661194
0.812041
0.760292
0.577348
0.396140
0.102269
0.205408
0.178604
0.234275
0.275106
0.610419
0.512591
0.535441
0.067949
0.299911
0.356238
0.392494
0.329322
0.399326
0.001970
0.076806
0.008739
0.017906
0.539838
0.421473
0.351677
0.116774
0.013920
0.028789
0.032079
0.196571
0.885212
0.732991
0.919461
0.849635
0.278531
0.016028
0.035168
0.413025
0.639389
0.053667
0.214384
0.245943
0.426964
0.294181
0.013111
0.780857
0.444358
0.059113
0.357013
0.274117
0.060268
0.257395
0.016522
0.789136
0.450642
0.270290
0.350595
0.303759
0.292711
0.243492
0.008258
0.402355
0.631521
0.600532
0.914118
0.830656
0.606283
0.356171
0.022715
0.199724
0.201198
0.196604
0.331645
0.587985
0.541092
0.543191
0.076413
0.403808
0.379432
0.363894
0.601557
0.419523
0.006074
0.001962
0.099150
0.035918
0.597031
0.398092
0.433691
0.082556
0.084302
0.058035
0.081881
0.211091
0.864417
0.764221
0.928443
0.778155
0.165379
0.044974
0.074830
0.383132
0.590738
0.127731
0.176026
0.254948
0.347747
0.206585
0.020058
0.774523
0.465592
0.091363
0.379368
0.346414
0.008904
0.124251
0.053396
0.820345
0.457627
0.339457
0.440276
0.354934
0.276654
0.161778
0.069857
0.428014
0.558503
0.504607
0.938349
0.820325
0.498985
0.456554
0.037301
0.193124
0.228087
0.154985
0.385691
0.646770
0.553624
0.607756
0.037712
0.386953
0.400973
0.433997
0.638299
0.402807
0.062642
0.078484
0.039596
0.030889
0.701239
0.389669
0.402308
0.135044
0.099717
0.032518
0.098904
0.303299
0.839713
0.721357
0.863001
0.828837
0.198488
0.085030
0.107133
0.439148
0.626264
0.113710
0.190094
0.275301
0.362836
0.210754
0.086223
0.858109
0.483644
0.066546
0.377602
0.321851
0.003586
0.178157
0.069877
0.834295
0.471725
0.378680
0.392048
0.279934
0.250967
0.248301
0.031483
0.429651
0.578236
0.620589
0.877815
0.828973
0.559810
0.491764
0.079339
0.183910
0.142678
0.156707
0.336053
0.607993
0.576252
0.590053
0.105245
0.402129
0.448721
0.414231
0.689913
0.400722
0.108478
0.006371
0.101645
0.137073
0.763043
0.397023
0.363476
0.195002
0.136037
0.063175
0.142274
0.355321
0.894523
0.599759
0.829808
0.946892
0.177418
0.082423
0.102829
0.469259
0.689156
0.219831
0.157259
0.343757
0.443872
0.240854
0.020636
0.905715
0.573629
0.137660
0.256205
0.326119
0.134876
0.150204
0.036237
0.934529
0.422326
0.344764
0.448174
0.408122
0.318674
0.185710
0.046024
0.481087
0.573045
0.563803
0.877809
0.878462
0.555505
0.513312
0.081243
0.042837
0.055102
0.169640
0.322256
0.541349
0.508212
0.512575
0.074077
0.510618
0.505802
0.579400
0.727351
0.441525
0.026524
0.007431
0.052824
0.088007
0.702302
0.312502
0.445586
0.083897
0.077469
0.108972
0.034902
0.233766
0.819460
0.607121
0.887841
0.857627
0.137451
0.123049
0.155873
0.403730
0.615362
0.205721
0.129989
0.314997
0.442590
0.187343
0.104200
0.833161
0.555968
0.115087
0.298701
0.400441
0.065729
0.207823
0.090492
0.851344
0.530841
0.443577
0.376364
0.394717
0.216648
0.150407
0.054718
0.531455
0.588431
0.554644
0.784553
0.884711
0.695205
0.505648
0.125525
0.155321
0.136824
0.009761
0.258003
0.571215
0.577071
0.577602
0.112627
0.485362
0.497839
0.546271
0.689076
0.453152
0.024607
0.167868
0.038207
0.313893
0.355946
0.444979
0.435094
0.480371
0.461138
0.112025
0.322103
0.199702
0.499699
0.640481
0.298082
0.595662
0.213973
0.243030
0.060824
0.347850
0.906445
0.452381
0.040279
0.728304
0.418511
0.472640
0.352619
0.433768
0.760901
0.110863
0.122111
0.720466
0.421904
0.475047
0.147626
0.588739
0.549047
0.533068
0.796104
0.741547
0.655399
0.323040
0.145021
0.263683
0.199811
0.504803
0.568931
0.656401
0.292257
0.296828
0.216052
0.328469
0.520578
0.337204
0.099218
0.628623
0.201095
0.192693
0.356789
0.469870
0.496074
0.324507
0.089235
0.093082
0.348865
0.180821
0.247378
0.273310
0.230328
0.550964
0.645224
0.523794
0.065258
0.270906
0.168258
0.083519
0.269533
0.762852
0.586596
0.578594
0.451236
0.252559
0.296773
0.098987
0.807614
0.560643
0.259113
0.533045
0.329915
0.151524
0.318544
0.728228
0.469197
0.243263
0.388008
0.808130
0.275745
0.250302
0.012474
0.699567
0.613664
0.545443
0.768942
0.639485
0.698984
0.410470
0.289380
0.280671
0.248320
0.226301
0.299539
0.583018
0.386174
0.070645
0.103371
0.181535
0.185141
0.384826
0.217147
0.800308
0.149026
0.392876
0.314688
0.332412
0.087657
0.191720
0.242013
0.097701
0.248400
0.063105
0.016695
0.003670
0.002032
0.986815
0.978714
0.983158
0.007285
0.012453
0.009669
0.020566
0.021421
0.993570
0.031145
0.985538
0.023222
0.006356
0.005046
0.014970
0.976622
0.979220
0.012428
0.978418
0.022119
0.021253
0.009166
0.972812
0.973358
0.017070
0.020189
0.972136
0.008815
0.006388
0.010732
0.981064
0.983542
0.976225
0.986232
0.974962
0.984036
0.011893
0.003231
0.000659
0.015641
0.026369
0.026606
0.983360
0.012881
0.017212
0.011089
0.016526
0.020627
0.020043
0.018242
0.977938
0.007964
0.016041
0.015881
0.008832
0.012658
0.014705
0.019126
0.018503
0.004387
0.014263
0.002856
0.004323
0.001948
0.991041
0.991866
0.991994
0.002200
0.002096
0.001644
0.003221
0.013029
0.996585
0.012409
0.992299
0.004652
0.000945
0.001602
0.006427
0.988673
0.987995
0.007491
0.991174
0.007124
0.003823
0.003732
0.990757
0.988817
0.003639
0.007094
0.989551
0.004534
0.005082
0.000082
0.990845
0.991357
0.991244
0.996065
0.992369
0.990353
0.005493
0.003771
0.000017
0.006195
0.009306
0.009612
0.993725
0.006637
0.005205
0.001585
0.007758
0.006021
0.008249
0.005536
0.992700
0.008640
0.006589
0.003330
0.005797
0.003970
0.005469
0.007182
0.002938
0.005613
0.004460
0.005400
0.003738
0.006915
0.978548
0.984710
0.971451
0.011077
0.009517
0.004716
0.013837
0.027850
0.987588
0.032867
0.972417
0.013253
0.005150
0.004512
0.018481
0.976145
0.967024
0.020925
0.963780
0.021218
0.014331
0.007030
0.979152
0.969186
0.008790
0.024830
0.976729
0.007747
0.013284
0.001742
0.978579
0.978257
0.971427
0.984329
0.969470
0.976245
0.008093
0.004435
0.010760
0.013072
0.017749
0.033074
0.977324
0.010414
0.007716
0.009782
0.027048
0.020646
0.016532
0.019815
0.981302
0.022695
0.025260
0.008375
0.012246
0.007586
0.011438
0.012732
0.005675
0.007225
0.000782
0.015030
0.025068
0.098340
0.736959
0.786635
0.456870
0.113045
0.023613
0.078241
0.155655
0.602845
0.876343
0.580283
0.636636
0.197647
0.087165
0.073600
0.175673
0.558289
0.409542
0.343202
0.420933
0.209557
0.187284
0.075418
0.626544
0.472404
0.038314
0.402177
0.458283
0.044657
0.143275
0.042357
0.646335
0.598226
0.470713
0.758261
0.522879
0.580084
0.140970
0.024273
0.114248
0.244419
0.245217
0.498557
0.600802
0.220456
0.136306
0.082439
0.355336
0.409099
0.322827
0.384180
0.719586
0.350324
0.352618
0.087757
0.142474
0.164138
0.116111
0.205625
0.153793
0.127737
0.010865
0.052222
0.086762
0.237494
0.691093
0.695325
0.369959
0.019835
0.006997
0.039396
0.122500
0.628427
0.922784
0.633527
0.608585
0.220822
0.028124
0.019451
0.210627
0.625488
0.320502
0.399125
0.318986
0.242649
0.170648
0.081215
0.666439
0.462286
0.051307
0.423109
0.347025
0.014373
0.220769
0.010005
0.603796
0.522630
0.376645
0.662301
0.390478
0.459845
0.182784
0.066550
0.202658
0.322801
0.352257
0.622277
0.666166
0.311006
0.246535
0.057858
0.382519
0.349364
0.404489
0.430638
0.805785
0.535402
0.496868
0.004268
0.203266
0.162954
0.176857
0.225524
0.159972
0.019537
0.092611
0.088341
0.019491
0.393241
0.540414
0.482296
0.188887
0.055863
0.044967
0.045137
0.090322
0.846259
0.883012
0.781997
0.599040
0.200539
0.067797
0.059844
0.245775
0.564182
0.213700
0.383235
0.196690
0.182143
0.173346
0.059569
0.634628
0.507031
0.053153
0.352715
0.252710
0.008824
0.191498
0.085994
0.663515
0.335426
0.211939
0.484014
0.242326
0.354127
0.160054
0.076993
0.321039
0.469614
0.491220
0.798575
0.655612
0.453619
0.365903
0.001805
0.365779
0.403437
0.389119
0.418864
0.778521
0.636511
0.669784
0.084260
0.317126
0.393328
0.365226
0.356438
0.367505
0.091387
0.002177
0.001798
0.016151
0.524263
0.610771
0.604749
0.069799
0.021674
0.044132
0.025481
0.276481
0.931160
0.685239
0.950981
0.683282
0.172357
0.024591
0.000707
0.413621
0.411322
0.083390
0.343650
0.327577
0.390875
0.125447
0.064764
0.651513
0.314020
0.067396
0.529192
0.299679
0.046755
0.145863
0.028642
0.711686
0.423334
0.303194
0.614002
0.347551
0.205101
0.191979
0.025463
0.260668
0.394787
0.369410
0.895652
0.670235
0.392860
0.287351
0.054107
0.284599
0.293748
0.346940
0.524662
0.645435
0.568793
0.579955
0.051778
0.263773
0.329667
0.264447
0.506046
0.319663
0.059006
0.074572
0.039234
0.019968
0.590641
0.608941
0.627470
0.079289
0.061164
0.030369
0.001633
0.349561
0.950828
0.666033
0.944606
0.731099
0.139876
0.053015
0.002780
0.416143
0.423399
0.095574
0.293146
0.399078
0.441271
0.152835
0.019227
0.676315
0.286477
0.022021
0.599307
0.388686
0.015003
0.146607
0.056311
0.680747
0.449824
0.363991
0.630329
0.402458
0.182661
0.130888
0.006659
0.261543
0.383527
0.377827
0.913878
0.720249
0.384428
0.250184
0.041867
0.315201
0.321124
0.296930
0.590182
0.589159
0.535045
0.522849
0.038893
0.280764
0.233823
0.253123
0.575536
0.265882
0.047163
0.038251
0.036063
0.025486
0.640441
0.580855
0.580346
0.119525
0.017959
0.023727
0.029306
0.414259
0.918436
0.596588
0.905819
0.812706
0.132879
0.032839
0.041388
0.527274
0.442705
0.098779
0.184990
0.474611
0.492670
0.165803
0.002022
0.845105
0.341312
0.044546
0.513507
0.470322
0.049232
0.194838
0.007029
0.846318
0.564542
0.462070
0.600444
0.425035
0.179001
0.201322
0.059361
0.347572
0.437681
0.441493
0.876286
0.783452
0.438109
0.345103
0.060448
0.147263
0.174949
0.198789
0.544948
0.488346
0.453553
0.446521
0.063286
0.307095
0.334325
0.330470
0.676798
0.280385
0.042304
0.077440
0.059352
0.013891
0.730403
0.546497
0.514113
0.185113
0.006676
0.100852
0.029374
0.383137
0.905856
0.602993
0.870889
0.915980
0.123383
0.025328
0.076656
0.526021
0.526464
0.106901
0.104126
0.502018
0.535917
0.100999
0.018313
0.845369
0.379274
0.102081
0.445856
0.546853
0.052350
0.191430
0.005312
0.873678
0.606187
0.460188
0.539541
0.555990
0.174533
0.189385
0.063755
0.387566
0.514741
0.424290
0.873315
0.892020
0.508431
0.371653
0.029806
0.050212
0.091147
0.066982
0.469144
0.483288
0.453429
0.378936
0.082337
0.308999
0.318534
0.307381
0.691681
0.339552
0.009528
0.087541
0.043837
0.055205
0.815970
0.515221
0.571007
0.215291
0.109469
0.049248
0.038954
0.379744
0.852334
0.472366
0.899989
0.997438
0.200994
0.090847
0.152997
0.581494
0.535550
0.214719
0.104919
0.545093
0.519882
0.168592
0.096045
0.969187
0.431823
0.042184
0.465285
0.515562
0.072206
0.182493
0.131843
0.983447
0.638005
0.493529
0.586095
0.560413
0.234064
0.178481
0.121073
0.389510
0.551945
0.409383
0.864518
0.924338
0.471052
0.410643
0.135423
0.070204
0.014186
0.146944
0.427762
0.458016
0.326652
0.327518
0.092640
0.424516
0.346913
0.350880
0.827448
0.364908
0.147730
0.039912
0.087709
0.111923
0.182323
0.466191
0.813230
0.801628
0.372994
0.220727
0.076561
0.270720
0.556598
0.696021
0.606329
0.351749
0.473623
0.213419
0.010905
0.071694
0.391058
0.631892
0.154015
0.262427
0.582965
0.064077
0.069820
0.531757
0.386474
0.349528
0.184599
0.656227
0.408639
0.209210
0.022097
0.430813
0.530999
0.886369
0.620596
0.704977
0.465453
0.319931
0.226725
0.256076
0.689889
0.503664
0.127412
0.326568
0.285976
0.171901
0.095899
0.378891
0.471342
0.236402
0.236665
0.643270
0.175751
0.296370
0.009533
0.457899
0.324786
0.430297
0.426020
0.282407
0.344292
0.166649
0.053348
0.137665
0.095399
0.456899
0.774068
0.839105
0.272435
0.025705
0.122869
0.292019
0.516376
0.718909
0.604707
0.497196
0.315054
0.031974
0.114901
0.190671
0.533825
0.528269
0.265427
0.402775
0.331289
0.152652
0.039724
0.483680
0.423260
0.132924
0.357954
0.744418
0.291606
0.121433
0.041553
0.430964
0.598129
0.805329
0.770632
0.784691
0.528336
0.287987
0.041172
0.005818
0.426289
0.432486
0.168532
0.482362
0.172045
0.156607
0.065266
0.331447
0.477539
0.281264
0.248239
0.661866
0.302570
0.240111
0.017922
0.297379
0.312846
0.358513
0.258059
0.296413
0.384134
0.124927
0.001096
0.003660
0.006958
0.970258
0.984557
0.987256
0.020340
0.005048
0.006258
0.021561
0.028417
0.990376
0.040898
0.964888
0.021786
0.001318
0.005498
0.003429
0.967134
0.968166
0.020879
0.962169
0.024444
0.004350
0.004243
0.964660
0.959827
0.009682
0.022740
0.985853
0.016206
0.006967
0.004356
0.963894
0.974017
0.982478
0.984906
0.981691
0.971186
0.013351
0.001808
0.002749
0.029160
0.022859
0.014689
0.962112
0.008494
0.009388
0.004690
0.029410
0.032626
0.018645
0.020812
0.978041
0.019311
0.020586
0.003857
0.016155
0.017292
0.021494
0.019673
0.019957
0.021757
0.001670
0.001055
0.003931
0.002878
0.971887
0.986071
0.981510
0.019022
0.003624
0.001320
0.020827
0.031603
0.991251
0.039665
0.964996
0.023647
0.004434
0.002661
0.007187
0.965061
0.965234
0.017201
0.963310
0.023790
0.006104
0.001396
0.963194
0.960750
0.010424
0.023783
0.985398
0.017119
0.005283
0.001418
0.962213
0.969258
0.981749
0.988107
0.983108
0.969319
0.012461
0.001263
0.003614
0.028361
0.023295
0.015915
0.965613
0.007383
0.009191
0.001226
0.030892
0.036992
0.019791
0.021425
0.977808
0.019741
0.018443
0.001927
0.015579
0.020519
0.018484
0.018430
0.019656
0.019721
0.000685
0.000462
0.001005
0.002923
0.973928
0.989147
0.975136
0.017031
0.002113
0.001067
0.017836
0.039095
0.990742
0.040760
0.961577
0.020208
0.003038
0.001822
0.005400
0.960402
0.960951
0.023830
0.958411
0.018978
0.003374
0.003149
0.960145
0.958545
0.008450
0.025308
0.977669
0.016608
0.003725
0.000399
0.963129
0.967685
0.977618
0.988253
0.977740
0.964702
0.011581
0.000081
0.002547
0.025293
0.020101
0.022916
0.962017
0.005235
0.009423
0.003281
0.034434
0.038680
0.022751
0.023115
0.979509
0.022664
0.026067
0.001159
0.017711
0.018132
0.017416
0.019325
0.016187
0.014661
0.002990
0.031321
0.056114
0.097995
0.752908
0.791436
0.508034
0.091666
0.019305
0.036781
0.114697
0.526468
0.850823
0.616600
0.476536
0.122150
0.034202
0.047980
0.076891
0.469353
0.465460
0.442024
0.397393
0.160977
0.072158
0.009657
0.439910
0.382085
0.116661
0.482344
0.561663
0.098728
0.051457
0.031673
0.446004
0.497093
0.516413
0.800579
0.546575
0.493474
0.167528
0.026255
0.079203
0.268801
0.174621
0.466909
0.451257
0.082101
0.147679
0.006846
0.421797
0.541573
0.482384
0.469225
0.819848
0.486935
0.502097
0.050767
0.131796
0.143474
0.131650
0.163130
0.146296
0.101954
0.015445
0.001873
0.001792
0.013909
0.980992
0.982493
0.025540
0.002604
0.001335
0.002124
0.007709
0.975759
0.991179
0.979371
0.033703
0.008490
0.002525
0.000885
0.006766
0.029321
0.022148
0.963991
0.022820
0.009578
0.005922
0.000314
0.034350
0.027262
0.005876
0.969039
0.027637
0.002110
0.005638
0.001745
0.034424
0.030078
0.028454
0.984652
0.026764
0.024929
0.007206
0.002093
0.010178
0.016956
0.014856
0.973536
0.032769
0.013605
0.012359
0.001219
0.963112
0.967531
0.964375
0.966468
0.990032
0.974185
0.971709
0.000669
0.012338
0.011655
0.013173
0.015289
0.013414
0.004080
0.001417
0.002990
0.003195
0.016249
0.976522
0.981124
0.017939
0.005278
0.003055
0.001744
0.006970
0.985391
0.990499
0.989148
0.027305
0.007663
0.002961
0.002696
0.010754
0.023289
0.015573
0.967882
0.016320
0.010903
0.006991
0.000046
0.027452
0.021545
0.007833
0.972629
0.022557
0.004757
0.005262
0.000518
0.029895
0.023917
0.020594
0.978453
0.020493
0.020071
0.010171
0.003196
0.013169
0.024033
0.017533
0.979908
0.027779
0.015377
0.016005
0.000760
0.967519
0.972990
0.969863
0.973245
0.986802
0.978192
0.981007
0.001338
0.013892
0.013889
0.014328
0.020042
0.014714
0.003106
0.000116
0.000095
0.003462
0.032668
0.981921
0.983047
0.007998
0.003687
0.001206
0.003280
0.024530
0.995814
0.978028
0.993073
0.038452
0.009903
0.002461
0.000782
0.023777
0.018669
0.004480
0.959549
0.024756
0.027843
0.007268
0.000417
0.038223
0.015463
0.002155
0.979109
0.026354
0.003914
0.005937
0.003145
0.035576
0.029232
0.025812
0.985457
0.025862
0.010063
0.006639
0.003315
0.010699
0.019008
0.018968
0.992355
0.037553
0.015177
0.013074
0.002453
0.963890
0.965093
0.962601
0.977538
0.971497
0.969589
0.967993
0.000334
0.013898
0.015202
0.012812
0.032170
0.011486
0.004235
0.003135
0.009691
0.035994
0.505089
0.782526
0.815393
0.105388
0.038153
0.024463
0.029003
0.396987
0.930090
0.615614
0.928559
0.573049
0.116970
0.008269
0.024527
0.457224
0.231126
0.048990
0.369443
0.441981
0.455488
0.074192
0.037849
0.594928
0.182958
0.047136
0.750497
0.439196
0.042140
0.076171
0.016553
0.598711
0.494070
0.448477
0.806691
0.472348
0.124100
0.072598
0.040128
0.137945
0.243034
0.249027
0.870928
0.598612
0.203875
0.160860
0.019253
0.386330
0.411632
0.380423
0.728750
0.553898
0.503709
0.517763
0.016066
0.177766
0.159231
0.166013
0.543802
0.189578
0.033252
0.035714
0.002893
0.004620
0.975433
0.983610
0.982546
0.010084
0.002053
0.001791
0.002181
0.961356
0.991579
0.035122
0.994262
0.980717
0.008279
0.000765
0.003922
0.967545
0.019979
0.004754
0.017734
0.966578
0.965851
0.008428
0.000385
0.980892
0.017079
0.001576
0.980518
0.964992
0.002155
0.007035
0.000702
0.982209
0.972224
0.967431
0.983527
0.968086
0.010798
0.008068
0.000431
0.012389
0.019284
0.016076
0.992160
0.978039
0.015966
0.014661
0.003097
0.020170
0.022021
0.021642
0.979348
0.034403
0.029362
0.028873
0.002571
0.011842
0.013544
0.010754
0.973637
0.010988
0.001301
0.001693
0.002432
0.006541
0.984763
0.981927
0.982185
0.010691
0.005464
0.000570
0.000386
0.972287
0.985125
0.028864
0.990053
0.988126
0.009772
0.006294
0.005016
0.972018
0.026410
0.008658
0.009972
0.978566
0.971462
0.004215
0.006023
0.987202
0.023647
0.008976
0.975389
0.973759
0.006891
0.001785
0.004705
0.989613
0.980874
0.977696
0.977392
0.978275
0.013420
0.004514
0.003892
0.019528
0.021198
0.018672
0.990673
0.985403
0.019752
0.018520
0.005272
0.007433
0.014212
0.007800
0.976390
0.026272
0.024742
0.026374
0.002411
0.014214
0.020909
0.015240
0.980480
0.021095
0.001981
0.003320
0.005864
0.006230
0.982100
0.978896
0.975583
0.009149
0.003998
0.006186
0.002529
0.969341
0.989791
0.028067
0.987973
0.994107
0.007346
0.005551
0.003096
0.977424
0.022698
0.006487
0.003506
0.974255
0.972526
0.010527
0.004151
0.998810
0.023310
0.004381
0.970885
0.977095
0.003680
0.009510
0.002120
0.994989
0.982918
0.980533
0.981896
0.983839
0.017364
0.007291
0.007723
0.020501
0.017256
0.020372
0.989259
0.990862
0.021483
0.020471
0.000981
0.010203
0.007465
0.011010
0.973956
0.023363
0.020974
0.015991
0.009198
0.023886
0.025638
0.017683
0.983349
0.020248
0.009975
0.010907
0.124275
0.085847
0.084630
0.384666
0.460886
0.795497
0.367111
0.177424
0.076780
0.226302
0.348518
0.662970
0.717406
0.322340
0.300712
0.092557
0.053402
0.160894
0.381951
0.542044
0.477254
0.266911
0.301751
0.098725
0.051230
0.341738
0.228288
0.384091
0.442395
0.898433
0.345110
0.088312
0.157375
0.335407
0.592686
0.833828
0.552835
0.904775
0.617303
0.540790
0.118785
0.130186
0.728114
0.280613
0.241001
0.274668
0.158555
0.471707
0.141809
0.369960
0.640507
0.409598
0.377003
0.656215
0.488573
0.371322
0.178527
0.287168
0.359713
0.356563
0.400068
0.234509
0.354975
0.002981
0.056707
0.111424
0.123242
0.434722
0.603521
0.904174
0.311810
0.015065
0.076100
0.255435
0.280544
0.593651
0.594132
0.360426
0.293457
0.054572
0.004563
0.094706
0.388029
0.622756
0.414963
0.418289
0.282305
0.075025
0.065796
0.366576
0.312398
0.329012
0.399445
0.867893
0.200958
0.051101
0.009591
0.372371
0.669113
0.865538
0.597576
0.789771
0.629844
0.410744
0.081538
0.084029
0.558688
0.350239
0.099942
0.351549
0.093843
0.360864
0.013053
0.309756
0.665411
0.468406
0.355482
0.704082
0.375495
0.358357
0.066639
0.229325
0.262821
0.274281
0.247776
0.241410
0.248282
0.056127
0.050906
0.062495
0.088768
0.487966
0.646978
0.852715
0.237919
0.009623
0.006265
0.241087
0.354965
0.664200
0.635944
0.350079
0.261308
0.017798
0.013279
0.069596
0.374405
0.608232
0.418246
0.373797
0.261565
0.042248
0.028073
0.391049
0.323822
0.300793
0.434850
0.854437
0.224280
0.063998
0.038169
0.392373
0.655772
0.878825
0.656265
0.788602
0.640672
0.358133
0.030989
0.047341
0.508000
0.285413
0.128959
0.379370
0.034009
0.287362
0.012349
0.327776
0.644121
0.445297
0.389547
0.733763
0.406032
0.383300
0.025827
0.191403
0.251402
0.222883
0.194937
0.196468
0.194440
0.000127
0.014930
0.056706
0.053754
0.474236
0.691945
0.819815
0.239952
0.009785
0.027257
0.235127
0.365700
0.684916
0.632704
0.354814
0.264597
0.020545
0.030789
0.056068
0.365971
0.582941
0.406768
0.369176
0.245838
0.057072
0.031548
0.375581
0.343865
0.293966
0.454812
0.853877
0.222381
0.059937
0.003783
0.380370
0.635562
0.853743
0.686766
0.793277
0.633759
0.308428
0.020197
0.020432
0.514989
0.269154
0.164124
0.376818
0.062491
0.295998
0.012040
0.331140
0.644637
0.421276
0.405830
0.704180
0.397601
0.412099
0.020863
0.217902
0.230100
0.225655
0.224393
0.207127
0.207027
0.025321
0.006621
0.044184
0.080923
0.569696
0.757890
0.757489
0.236867
0.004695
0.016633
0.238054
0.456684
0.721791
0.648718
0.342682
0.279575
0.019655
0.013712
0.056717
0.333941
0.504060
0.402615
0.379379
0.266372
0.026238
0.008392
0.359182
0.331669
0.233614
0.477321
0.743930
0.205630
0.039473
0.019697
0.359357
0.555427
0.751391
0.767298
0.741824
0.550258
0.230615
0.015148
0.007379
0.436794
0.258355
0.254230
0.346375
0.048523
0.212282
0.020492
0.400542
0.653309
0.467237
0.440924
0.742193
0.433624
0.410931
0.017631
0.204272
0.237755
0.205572
0.207901
0.208906
0.196615
0.015531
0.002393
0.050190
0.118495
0.757518
0.835896
0.565325
0.107693
0.012784
0.009292
0.131015
0.517373
0.818536
0.604682
0.420192
0.172804
0.012097
0.001610
0.054089
0.393183
0.449154
0.458723
0.424379
0.161432
0.046735
0.020821
0.415359
0.397317
0.127096
0.539404
0.557213
0.081062
0.034595
0.018328
0.404161
0.488290
0.561527
0.836565
0.545007
0.497753
0.148889
0.005901
0.034941
0.241886
0.178584
0.434937
0.422399
0.089463
0.133554
0.018106
0.430343
0.574044
0.519125
0.500079
0.840955
0.509305
0.479809
0.004851
0.115756
0.147660
0.110363
0.136349
0.108460
0.077529
0.021626
0.000154
0.004031
0.011590
0.985340
0.987364
0.032737
0.006406
0.000561
0.001368
0.008508
0.971641
0.985514
0.975444
0.026432
0.010946
0.000970
0.000615
0.006175
0.022892
0.023878
0.965722
0.025965
0.010713
0.003545
0.001307
0.026581
0.022782
0.009225
0.973627
0.032423
0.003057
0.004003
0.000137
0.026444
0.030220
0.032476
0.988463
0.030834
0.028872
0.010125
0.000278
0.004051
0.014966
0.011849
0.968121
0.025521
0.008935
0.010098
0.001314
0.962495
0.974143
0.971948
0.970525
0.988660
0.971287
0.969243
0.000863
0.006188
0.009894
0.005375
0.008408
0.006470
0.002998
0.000696
0.000027
0.001988
0.006512
0.993920
0.994806
0.010761
0.003668
0.000183
0.000270
0.005055
0.992685
0.992965
0.992433
0.009225
0.007257
0.000348
0.000407
0.004023
0.006538
0.005516
0.987640
0.009259
0.006449
0.002087
0.000200
0.009171
0.007514
0.004494
0.991825
0.010105
0.001793
0.002029
0.000383
0.009033
0.009899
0.010437
0.995115
0.010245
0.009676
0.003737
0.000499
0.002820
0.005982
0.006503
0.988690
0.008178
0.004923
0.004571
0.000325
0.987132
0.991795
0.989587
0.988805
0.994034
0.989983
0.989228
0.000277
0.003318
0.006026
0.004473
0.005056
0.004133
0.002008
0.000099
0.001744
0.005226
0.032270
0.988916
0.991716
0.015811
0.007308
0.000911
0.001537
0.027499
0.993016
0.969363
0.987576
0.031334
0.017427
0.000315
0.000681
0.027125
0.009782
0.003679
0.961655
0.031534
0.031020
0.004578
0.000250
0.031046
0.011510
0.007186
0.986758
0.028987
0.004855
0.004617
0.001033
0.031437
0.028981
0.029185
0.992664
0.030657
0.012318
0.005152
0.001607
0.006062
0.010285
0.014329
0.983380
0.029655
0.013036
0.007343
0.001384
0.964227
0.970593
0.964620
0.980830
0.969891
0.967254
0.964244
0.001399
0.007947
0.014432
0.010706
0.028847
0.009768
0.004415
0.000218
0.006904
0.059376
0.538783
0.864414
0.900361
0.210752
0.098101
0.010423
0.007749
0.467008
0.892139
0.505850
0.839825
0.520154
0.216730
0.019029
0.019921
0.452963
0.129689
0.038513
0.383224
0.526417
0.530535
0.058643
0.021093
0.507296
0.145618
0.093291
0.835091
0.500997
0.041857
0.057571
0.000211
0.521674
0.479608
0.492564
0.906686
0.509836
0.152739
0.066917
0.010727
0.097125
0.149368
0.200566
0.801085
0.472337
0.163754
0.103088
0.020659
0.418291
0.529319
0.452570
0.754622
0.492815
0.474371
0.444886
0.012201
0.092809
0.182571
0.125627
0.485171
0.131143
0.049061
0.017448
0.000772
0.006550
0.975456
0.990385
0.989512
0.016937
0.005854
0.000515
0.001352
0.968574
0.990525
0.026871
0.986001
0.974761
0.016275
0.000036
0.002183
0.968167
0.011994
0.004030
0.021214
0.973886
0.972543
0.004865
0.000780
0.975013
0.013892
0.008819
0.988322
0.968847
0.002602
0.005973
0.000568
0.974744
0.971396
0.968777
0.990936
0.972317
0.015136
0.005506
0.000292
0.008694
0.010025
0.014652
0.984185
0.971578
0.016051
0.008969
0.000501
0.020728
0.027340
0.023712
0.979538
0.028529
0.027833
0.023214
0.001697
0.005204
0.014464
0.009148
0.968478
0.009065
0.001751
0.001446
0.001340
0.003257
0.994690
0.995423
0.996470
0.010067
0.004754
0.001191
0.001434
0.991073
0.993765
0.007287
0.990186
0.993386
0.007929
0.001169
0.001303
0.988871
0.004645
0.003401
0.004401
0.994504
0.991045
0.001353
0.001389
0.992625
0.009342
0.005651
0.994678
0.991890
0.000930
0.000873
0.000638
0.993340
0.990463
0.992091
0.996330
0.993047
0.007862
0.001847
0.001461
0.005406
0.004136
0.006849
0.989208
0.989999
0.007981
0.005909
0.000308
0.004783
0.009432
0.006017
0.990026
0.010847
0.008507
0.006644
0.001071
0.003134
0.009151
0.005327
0.991182
0.005037
0.002033
0.000614
0.000283
0.003818
0.987367
0.983343
0.986856
0.024144
0.002579
0.006372
0.000869
0.982236
0.992639
0.016734
0.976627
0.985600
0.019283
0.001745
0.004054
0.977413
0.020009
0.009706
0.007715
0.985415
0.982108
0.007226
0.005452
0.987893
0.028364
0.018670
0.978509
0.975406
0.005241
0.003729
0.006041
0.990302
0.979613
0.978716
0.987845
0.985200
0.022932
0.006839
0.000341
0.016923
0.015257
0.014595
0.976007
0.983965
0.020765
0.017090
0.005639
0.011025
0.015670
0.012306
0.972481
0.030182
0.023625
0.014041
0.003331
0.014847
0.016555
0.021935
0.982777
0.021743
0.003247
0.006021
0.004237
0.002994
0.010832
0.013599
0.038373
0.987818
0.023514
0.009865
0.007810
0.021061
0.027051
0.035036
0.981345
0.019257
0.025703
0.000548
0.010394
0.010579
0.018514
0.973002
0.961919
0.016527
0.021551
0.006919
0.007442
0.021082
0.012533
0.961059
0.967805
0.995065
0.018093
0.003492
0.001022
0.021424
0.971207
0.991727
0.038468
0.989282
0.977881
0.968557
0.003639
0.002712
0.979795
0.019937
0.012138
0.015794
0.005294
0.960577
0.011064
0.022165
0.982669
0.959570
0.959567
0.977947
0.963577
0.963354
0.005537
0.021726
0.020657
0.020216
0.019960
0.020268
0.019210
0.004292
0.002280
0.007955
0.008406
0.020480
0.035183
0.992618
0.024672
0.004835
0.003540
0.021123
0.027156
0.038304
0.980692
0.013921
0.023346
0.004196
0.005136
0.008382
0.014336
0.971982
0.964158
0.016502
0.021498
0.005505
0.002659
0.018992
0.012453
0.961742
0.965630
0.992651
0.019897
0.003624
0.002728
0.016519
0.975459
0.991454
0.036777
0.989713
0.974194
0.962846
0.005401
0.001859
0.981142
0.022348
0.007851
0.015511
0.006181
0.961827
0.003421
0.022167
0.981566
0.968529
0.965597
0.975674
0.964822
0.961782
0.004833
0.019004
0.024511
0.020868
0.021380
0.020887
0.018418
0.003732
0.000074
0.009386
0.010104
0.025980
0.041669
0.991891
0.022488
0.002979
0.002834
0.017579
0.024700
0.036186
0.979811
0.013395
0.025381
0.001055
0.002040
0.003283
0.014749
0.969849
0.963308
0.020594
0.018404
0.002247
0.001740
0.014284
0.014500
0.957114
0.971022
0.991444
0.018082
0.002797
0.002307
0.013636
0.971357
0.989042
0.039831
0.984364
0.971281
0.958628
0.001023
0.000950
0.972794
0.024664
0.009302
0.016144
0.002259
0.957973
0.000730
0.022359
0.984869
0.970084
0.962508
0.976161
0.961492
0.963914
0.002983
0.018116
0.022866
0.015292
0.017821
0.018038
0.016020
0.000786
0.021431
0.119666
0.106562
0.413080
0.619924
0.831856
0.332831
0.019861
0.025686
0.245963
0.400240
0.555731
0.736718
0.219613
0.366075
0.022515
0.000709
0.057468
0.211047
0.525740
0.481062
0.277900
0.280332
0.046713
0.004261
0.225784
0.192969
0.362101
0.578651
0.846530
0.247034
0.045255
0.013813
0.226387
0.538479
0.846928
0.633422
0.753685
0.532966
0.378710
0.012637
0.003221
0.611275
0.359780
0.159660
0.230098
0.054938
0.338779
0.004189
0.356603
0.793092
0.572039
0.473867
0.628000
0.453735
0.454027
0.025301
0.232439
0.317204
0.231501
0.255310
0.244052
0.248648
0.015249
0.008019
0.090623
0.125937
0.517908
0.749304
0.736783
0.318887
0.001207
0.006472
0.268101
0.510033
0.645134
0.729974
0.203655
0.378232
0.011601
0.012106
0.047025
0.195502
0.399964
0.444282
0.286962
0.285321
0.036105
0.015570
0.217709
0.198542
0.245946
0.567205
0.729483
0.243556
0.031769
0.016541
0.204899
0.423764
0.720955
0.735265
0.658317
0.428365
0.254502
0.002041
0.015419
0.485005
0.353665
0.271954
0.208031
0.055921
0.228867
0.000962
0.453999
0.794738
0.565701
0.478042
0.629235
0.482527
0.460774
0.004069
0.241771
0.322866
0.251585
0.248615
0.248938
0.245019
0.002398
0.025223
0.127584
0.176531
0.737853
0.853660
0.542728
0.227940
0.010706
0.001942
0.141866
0.559814
0.720419
0.651275
0.252201
0.279367
0.019781
0.017230
0.052883
0.246015
0.298006
0.511091
0.378475
0.193692
0.037436
0.008565
0.252868
0.223918
0.147956
0.662919
0.554120
0.114551
0.039255
0.016431
0.267010
0.346283
0.553324
0.839120
0.458542
0.373773
0.153673
0.013577
0.024884
0.241803
0.266817
0.449750
0.267924
0.087130
0.118426
0.016065
0.485016
0.736399
0.657548
0.531872
0.730449
0.534531
0.499134
0.019315
0.116090
0.243718
0.107519
0.132576
0.127157
0.124896
0.010249
0.001005
0.008513
0.018479
0.988338
0.992307
0.037989
0.011858
0.000343
0.000935
0.013157
0.973390
0.976923
0.971089
0.017786
0.022488
0.000164
0.001107
0.005276
0.015831
0.018540
0.962833
0.030506
0.015431
0.002911
0.001086
0.017839
0.021144
0.012326
0.980794
0.031347
0.004379
0.002558
0.000454
0.018052
0.022494
0.031322
0.992094
0.031249
0.027796
0.007674
0.000667
0.001045
0.011616
0.014414
0.962231
0.018086
0.010740
0.005860
0.001261
0.962400
0.982777
0.978856
0.971473
0.984380
0.971388
0.963150
0.000046
0.004224
0.012879
0.004165
0.006304
0.004610
0.004785
0.000869
0.001005
0.010184
0.022156
0.989399
0.992927
0.035142
0.014154
0.000850
0.001034
0.017115
0.979437
0.975019
0.972385
0.014706
0.026903
0.000875
0.000966
0.007153
0.010331
0.011212
0.965204
0.030198
0.020230
0.003756
0.000233
0.014911
0.018222
0.014458
0.985304
0.026577
0.004367
0.003631
0.001345
0.014290
0.017610
0.026604
0.993150
0.027004
0.023550
0.006012
0.000429
0.002439
0.010519
0.017462
0.965267
0.012010
0.014188
0.005947
0.000788
0.966303
0.987222
0.980768
0.974159
0.980859
0.973728
0.965459
0.000804
0.005380
0.016298
0.007037
0.009216
0.006826
0.004524
0.000007
0.000431
0.007122
0.038836
0.994779
0.996865
0.026591
0.009134
0.000451
0.001099
0.033012
0.990833
0.961136
0.976183
0.025347
0.027067
0.000534
0.001171
0.024543
0.004899
0.001947
0.961070
0.040085
0.034898
0.002212
0.000618
0.025139
0.017482
0.016402
0.994424
0.027677
0.002431
0.003183
0.000800
0.026131
0.026008
0.026782
0.996466
0.034980
0.019410
0.003621
0.000538
0.005981
0.004393
0.011102
0.973656
0.019946
0.017307
0.006357
0.000389
0.962309
0.979707
0.972292
0.981763
0.972715
0.970694
0.960753
0.001182
0.002031
0.015213
0.007376
0.024414
0.008096
0.002041
0.000071
0.000650
0.103077
0.605046
0.934751
0.950159
0.333821
0.114982
0.014474
0.007553
0.542706
0.873025
0.382134
0.678700
0.434468
0.350526
0.004522
0.002275
0.410207
0.049613
0.035694
0.382547
0.620830
0.570174
0.029021
0.002127
0.439829
0.228443
0.203193
0.917741
0.450478
0.032237
0.034854
0.008683
0.438583
0.437371
0.462601
0.962433
0.556504
0.249986
0.044748
0.013228
0.072869
0.070424
0.147980
0.663062
0.375472
0.229057
0.090580
0.011835
0.409539
0.626864
0.539472
0.759318
0.529470
0.510586
0.383187
0.003781
0.036135
0.193936
0.094543
0.413750
0.098628
0.034071
0.003681
0.001302
0.008640
0.981372
0.995146
0.996368
0.027047
0.008320
0.000196
0.000556
0.973439
0.989090
0.018954
0.973457
0.968033
0.027963
0.000564
0.001074
0.964920
0.005789
0.002579
0.020346
0.982239
0.976994
0.003249
0.000964
0.967066
0.019128
0.016660
0.994100
0.967268
0.001335
0.003580
0.000432
0.968173
0.966885
0.967718
0.995720
0.975596
0.021703
0.003105
0.000415
0.006273
0.004866
0.011733
0.972518
0.962338
0.019345
0.006541
0.001012
0.020162
0.037917
0.032070
0.980393
0.031922
0.030071
0.019933
0.001222
0.002170
0.014957
0.006737
0.964165
0.006953
0.001848
0.000123
0.001335
0.004894
0.990946
0.996092
0.996655
0.035924
0.007065
0.001983
0.000148
0.987580
0.990594
0.010391
0.965928
0.977095
0.030817
0.000889
0.000594
0.973800
0.007331
0.004045
0.014251
0.994672
0.988498
0.001494
0.000846
0.976146
0.027891
0.025420
0.991754
0.972776
0.001519
0.002507
0.001356
0.976295
0.977390
0.972012
0.995539
0.990317
0.028643
0.004352
0.000551
0.010389
0.003404
0.008717
0.965160
0.965568
0.026954
0.011369
0.000473
0.014841
0.034612
0.023010
0.979994
0.030063
0.028051
0.013257
0.001254
0.002391
0.016595
0.012146
0.972644
0.013241
0.003855
0.000044
0.005224
0.003366
0.989118
0.993616
0.996909
0.034272
0.001896
0.001472
0.004014
0.989721
0.994979
0.008857
0.970223
0.979323
0.032376
0.001055
0.002897
0.973371
0.010518
0.005641
0.012132
0.992462
0.994384
0.004030
0.002619
0.978895
0.034864
0.028994
0.990711
0.972062
0.003774
0.003305
0.001546
0.981599
0.979197
0.971008
0.994133
0.992859
0.034736
0.003538
0.001888
0.012519
0.008750
0.008901
0.965638
0.971714
0.029496
0.014130
0.001695
0.014360
0.029923
0.015440
0.980964
0.031457
0.027793
0.015786
0.001196
0.006849
0.015879
0.014428
0.979008
0.014997
0.003773
0.000744
0.010711
0.012798
0.002075
0.006772
0.034833
0.990840
0.023015
0.006911
0.002160
0.027527
0.035392
0.025725
0.991571
0.003916
0.037168
0.004053
0.014373
0.004148
0.005833
0.964899
0.972273
0.004875
0.034406
0.007856
0.012383
0.006120
0.014659
0.968569
0.966087
0.989420
0.025505
0.005294
0.010554
0.018276
0.970530
0.994077
0.024630
0.981885
0.974259
0.974881
0.003348
0.009649
0.996169
0.028230
0.019110
0.018330
0.017786
0.960233
0.012950
0.028804
0.990976
0.970595
0.962715
0.971175
0.967604
0.974847
0.005926
0.023099
0.030764
0.021852
0.026950
0.033748
0.027996
0.007141
0.001733
0.003559
0.004009
0.006199
0.012223
0.996836
0.010084
0.001659
0.000138
0.008127
0.014052
0.011207
0.997379
0.001654
0.012647
0.001645
0.002337
0.004319
0.004379
0.984648
0.985880
0.002768
0.011187
0.002447
0.003281
0.003475
0.001891
0.984874
0.987640
0.996058
0.010568
0.002626
0.001774
0.001883
0.986008
0.996437
0.014501
0.992323
0.986196
0.988786
0.000893
0.003305
0.993641
0.013209
0.003787
0.003138
0.004177
0.986544
0.001667
0.009352
0.997803
0.989999
0.986039
0.987787
0.986327
0.986962
0.002759
0.008667
0.011339
0.008091
0.010913
0.009098
0.010115
0.000935
0.003694
0.011239
0.010847
0.020839
0.037663
0.989738
0.031440
0.002552
0.002129
0.023397
0.029250
0.035068
0.986665
0.005014
0.030279
0.002390
0.001973
0.002388
0.004321
0.959320
0.964793
0.013112
0.025132
0.003946
0.001042
0.005315
0.004344
0.957609
0.972721
0.988611
0.020595
0.003139
0.000581
0.007239
0.962728
0.989662
0.040905
0.979208
0.964275
0.962403
0.002845
0.003245
0.981687
0.030133
0.012035
0.004471
0.002651
0.960396
0.003974
0.027830
0.992441
0.975164
0.963790
0.969606
0.965878
0.964857
0.000325
0.023446
0.030859
0.021329
0.022382
0.022773
0.023405
0.003407
0.000148
0.238430
0.254328
0.387097
0.638361
0.825345
0.504715
0.013571
0.003800
0.301917
0.428314
0.423281
0.737403
0.082134
0.536656
0.007406
0.023886
0.051239
0.052376
0.366801
0.452909
0.252080
0.319260
0.034049
0.004491
0.089529
0.036662
0.342952
0.663852
0.843556
0.286590
0.054514
0.003915
0.068424
0.386488
0.841820
0.624795
0.629290
0.370270
0.373229
0.009723
0.002887
0.640607
0.513950
0.173567
0.086749
0.048252
0.321654
0.028198
0.391132
0.929413
0.653295
0.449609
0.468906
0.448645
0.427149
0.022630
0.267931
0.494223
0.274255
0.297596
0.290860
0.278268
0.006172
0.001933
0.215540
0.256175
0.468197
0.752220
0.739537
0.499945
0.012951
0.010198
0.320896
0.546285
0.535633
0.745091
0.058458
0.533600
0.012177
0.011508
0.048372
0.057628
0.241455
0.434350
0.271519
0.349846
0.032221
0.002327
0.071513
0.049085
0.233874
0.679627
0.746357
0.277676
0.037956
0.005973
0.069868
0.282153
0.739324
0.751942
0.538765
0.279915
0.243807
0.015895
0.009329
0.530321
0.531105
0.248888
0.065760
0.048495
0.232783
0.007841
0.485218
0.935526
0.663291
0.455141
0.471300
0.447431
0.420849
0.014693
0.295201
0.504915
0.285137
0.300000
0.278860
0.285468
0.010745
0.003401
0.267061
0.332844
0.685183
0.846151
0.588425
0.421493
0.024742
0.004442
0.215765
0.611962
0.571207
0.678638
0.101093
0.475941
0.026328
0.007481
0.063775
0.081182
0.142059
0.483815
0.334991
0.232627
0.038425
0.020617
0.094260
0.060951
0.146300
0.761313
0.564842
0.166158
0.042248
0.026727
0.101412
0.186671
0.568431
0.841658
0.346012
0.187866
0.146079
0.026659
0.017323
0.312950
0.469583
0.417455
0.098810
0.082753
0.127877
0.006763
0.512836
0.908914
0.761539
0.524127
0.526413
0.511834
0.483486
0.004204
0.177340
0.426800
0.156285
0.190812
0.155382
0.163010
0.010064
0.013000
0.269917
0.410793
0.778030
0.894373
0.578329
0.386075
0.001585
0.009156
0.242152
0.638757
0.526670
0.609699
0.101967
0.520649
0.014060
0.018623
0.069368
0.061935
0.105689
0.444064
0.430348
0.291189
0.037097
0.002747
0.091019
0.141823
0.180408
0.812894
0.502765
0.113735
0.043841
0.010090
0.100276
0.168699
0.493335
0.879519
0.339497
0.245830
0.103874
0.011793
0.018175
0.218635
0.423983
0.418942
0.091286
0.158774
0.077908
0.001815
0.476905
0.908879
0.785398
0.558253
0.555739
0.539045
0.445423
0.004056
0.132493
0.383339
0.132296
0.155470
0.116964
0.111562
0.006035
0.016449
0.259359
0.499780
0.867539
0.914958
0.581186
0.310834
0.011143
0.016290
0.301862
0.685408
0.472289
0.500927
0.106617
0.549953
0.009785
0.012050
0.086645
0.070252
0.060859
0.428227
0.519234
0.336809
0.038728
0.007096
0.104104
0.242146
0.253333
0.883600
0.392315
0.063080
0.045440
0.000135
0.117981
0.139470
0.398483
0.921694
0.354439
0.306510
0.081462
0.003279
0.032031
0.133638
0.343345
0.414109
0.080147
0.263386
0.079600
0.005339
0.439000
0.918441
0.835405
0.620874
0.635549
0.621558
0.428724
0.007657
0.055471
0.331834
0.086599
0.116052
0.089405
0.066264
0.015675
0.007443
0.207180
0.639955
0.952381
0.972342
0.477664
0.223050
0.006434
0.000588
0.463031
0.777971
0.354160
0.536460
0.297128
0.485519
0.002324
0.007785
0.274053
0.044937
0.022361
0.354080
0.660379
0.482004
0.027962
0.009312
0.295483
0.266274
0.250234
0.937231
0.430537
0.026702
0.028578
0.005104
0.294304
0.295402
0.426443
0.960847
0.475844
0.286548
0.030973
0.004079
0.065961
0.048147
0.250750
0.512795
0.240784
0.268513
0.062882
0.005803
0.374991
0.765316
0.694591
0.686948
0.564819
0.547245
0.364874
0.004360
0.021075
0.279876
0.085886
0.277227
0.080391
0.030414
0.000522
0.005808
0.156850
0.704283
0.963189
0.974649
0.481885
0.172225
0.005976
0.004504
0.561765
0.831605
0.296367
0.535795
0.436583
0.482676
0.005302
0.002715
0.427185
0.032474
0.020012
0.407901
0.710865
0.579594
0.023796
0.001825
0.436133
0.319508
0.303409
0.956678
0.429530
0.017853
0.023335
0.005997
0.440261
0.441798
0.429335
0.978261
0.582105
0.336137
0.020967
0.008038
0.158756
0.036816
0.186588
0.516630
0.282326
0.324559
0.168103
0.006358
0.417905
0.721591
0.547353
0.649595
0.563358
0.552767
0.413920
0.007546
0.022878
0.323232
0.172324
0.422891
0.177100
0.018195
0.008047
0.000321
0.093057
0.789613
0.952317
0.967846
0.507600
0.093055
0.009880
0.011327
0.712070
0.886078
0.214647
0.492817
0.565957
0.518096
0.005959
0.006796
0.547939
0.046152
0.034844
0.362466
0.797402
0.745393
0.029315
0.006015
0.561405
0.428030
0.408095
0.942483
0.420867
0.013293
0.037501
0.004940
0.554342
0.562378
0.411510
0.956657
0.733095
0.448745
0.034055
0.013245
0.210776
0.039817
0.122080
0.492480
0.362782
0.425523
0.221220
0.011754
0.361316
0.647871
0.434809
0.654117
0.577955
0.555910
0.370329
0.006952
0.017382
0.295051
0.215869
0.523555
0.226050
0.017097
0.014785
0.011788
0.058513
0.910018
0.938634
0.955727
0.601269
0.060295
0.026995
0.002817
0.864265
0.903662
0.103938
0.408729
0.673970
0.567529
0.028141
0.003656
0.614089
0.066109
0.055535
0.292329
0.918563
0.862235
0.031639
0.026656
0.661443
0.526764
0.509453
0.933046
0.463118
0.024895
0.025332
0.008336
0.647041
0.670473
0.452109
0.960565
0.894802
0.563212
0.035059
0.008026
0.266539
0.037509
0.099943
0.405408
0.395683
0.506090
0.270981
0.000236
0.302478
0.601026
0.329386
0.633668
0.562284
0.548319
0.295229
0.016551
0.043568
0.321469
0.283591
0.643618
0.295973
0.035300
0.027941
0.033134
0.013906
0.897379
0.959203
0.931913
0.578117
0.052617
0.021871
0.012804
0.934069
0.933588
0.090884
0.407058
0.715161
0.567609
0.041257
0.026226
0.670429
0.070004
0.081907
0.278219
0.953818
0.919880
0.012601
0.007138
0.691991
0.557033
0.558917
0.868566
0.461473
0.024472
0.066040
0.040557
0.698453
0.690781
0.470001
0.970994
0.949750
0.577964
0.014389
0.010482
0.271401
0.067088
0.062050
0.431037
0.474075
0.569351
0.304867
0.034554
0.309008
0.536121
0.289928
0.629984
0.585508
0.567904
0.301315
0.038565
0.061227
0.332777
0.337877
0.646071
0.291054
0.022711
0.035847
0.005834
0.009865
0.011316
0.020824
0.030502
0.980847
0.034095
0.011877
0.001335
0.036385
0.029967
0.034500
0.999838
0.012242
0.026319
0.004724
0.013616
0.012599
0.003462
0.974719
0.978642
0.016723
0.033685
0.018531
0.009846
0.009851
0.010529
0.967849
0.969030
0.987912
0.023373
0.008571
0.010029
0.017798
0.978707
0.990288
0.035873
0.997729
0.968005
0.968155
0.006373
0.016362
0.981931
0.026899
0.009473
0.017408
0.018363
0.970923
0.006987
0.021694
0.998563
0.978856
0.979898
0.968847
0.980483
0.968035
0.009155
0.031057
0.030387
0.036516
0.029992
0.026782
0.034539
0.013072
0.008557
0.007114
0.010228
0.009803
0.034910
0.995055
0.028604
0.007729
0.007389
0.022875
0.034033
0.027839
0.989277
0.000989
0.031564
0.007319
0.003050
0.009655
0.001388
0.962379
0.973758
0.013006
0.028546
0.000463
0.007916
0.005940
0.007496
0.969538
0.974130
0.993437
0.021226
0.005652
0.005885
0.005182
0.963656
0.988703
0.031488
0.989925
0.960028
0.962871
0.006283
0.006785
0.989770
0.035327
0.005763
0.007608
0.003562
0.963905
0.002717
0.032239
0.993750
0.978025
0.970090
0.970104
0.973919
0.967441
0.004522
0.024978
0.032301
0.026332
0.030424
0.021343
0.022945
0.009324
0.002600
0.012183
0.008711
0.021637
0.041958
0.990056
0.034080
0.001153
0.000058
0.024408
0.029675
0.034542
0.987803
0.004986
0.031586
0.003279
0.001977
0.001479
0.006430
0.961812
0.966313
0.011687
0.025571
0.004536
0.003354
0.005359
0.003383
0.958220
0.974088
0.990044
0.026466
0.000140
0.003811
0.003193
0.958824
0.990654
0.039924
0.982520
0.962676
0.958158
0.001065
0.002134
0.980737
0.030620
0.009392
0.004622
0.003771
0.959292
0.003831
0.029364
0.994374
0.974845
0.963908
0.966614
0.967018
0.963510
0.002002
0.025289
0.031770
0.022559
0.026069
0.026776
0.025389
0.002919
0.025788
0.217645
0.222158
0.364518
0.652767
0.855581
0.538938
0.004304
0.021128
0.333494
0.433181
0.448997
0.742924
0.043713
0.536863
0.001056
0.020137
0.037338
0.048682
0.347214
0.414668
0.257002
0.347565
0.007462
0.022855
0.056557
0.033889
0.318906
0.659295
0.873075
0.326513
0.023305
0.028918
0.045828
0.360940
0.862634
0.669771
0.668256
0.365252
0.341236
0.016975
0.030632
0.621748
0.536528
0.147983
0.045222
0.009734
0.331273
0.003336
0.426290
0.952454
0.641062
0.434940
0.454656
0.413917
0.424838
0.028102
0.320574
0.526305
0.316511
0.318749
0.327366
0.331955
0.006471
0.015925
0.297288
0.322467
0.513222
0.807132
0.794121
0.578843
0.007611
0.004291
0.331940
0.504169
0.500269
0.668122
0.050633
0.601096
0.001401
0.014418
0.016508
0.029377
0.202880
0.365994
0.333706
0.337805
0.019200
0.001093
0.051775
0.041059
0.213570
0.686117
0.795217
0.293825
0.023843
0.011804
0.036719
0.229593
0.793514
0.808456
0.517266
0.225190
0.185829
0.012421
0.019443
0.492500
0.584671
0.206220
0.048619
0.030320
0.201827
0.012510
0.467817
0.962966
0.659114
0.391403
0.404494
0.382821
0.360693
0.010322
0.295422
0.578177
0.306950
0.319619
0.297341
0.302739
0.000874
0.023974
0.358082
0.411433
0.665831
0.875915
0.726510
0.561789
0.027707
0.013462
0.252837
0.519057
0.500671
0.560758
0.065895
0.596658
0.010839
0.008710
0.024553
0.040130
0.150170
0.365751
0.444300
0.254133
0.017026
0.016895
0.077650
0.063430
0.139386
0.761813
0.697011
0.208899
0.016437
0.019359
0.067169
0.161338
0.711789
0.872201
0.375191
0.164919
0.124147
0.006122
0.022767
0.337052
0.584514
0.281150
0.074948
0.055648
0.126172
0.029518
0.459117
0.941299
0.725898
0.387693
0.401271
0.388014
0.359109
0.025826
0.225290
0.584478
0.226706
0.242800
0.215374
0.200021
0.000232
0.015730
0.392412
0.514889
0.802692
0.916032
0.695007
0.502611
0.022455
0.001807
0.265921
0.524135
0.416246
0.468996
0.075558
0.611037
0.021383
0.017793
0.061712
0.043183
0.096497
0.343043
0.559985
0.255873
0.030160
0.014773
0.070252
0.151613
0.179480
0.852773
0.608684
0.126804
0.007617
0.022323
0.092150
0.143884
0.612018
0.916522
0.350648
0.222385
0.089556
0.003882
0.022884
0.199461
0.504441
0.293088
0.072916
0.125837
0.082806
0.020305
0.383770
0.923560
0.805097
0.455032
0.481746
0.443572
0.350502
0.016327
0.116141
0.500379
0.133212
0.153434
0.117175
0.118881
0.006602
0.014089
0.379927
0.616434
0.876971
0.941171
0.706209
0.429055
0.017514
0.014631
0.310507
0.560525
0.340983
0.372497
0.097560
0.654376
0.013286
0.004961
0.067363
0.032740
0.065144
0.330666
0.647785
0.325266
0.024227
0.009880
0.090040
0.259971
0.276072
0.901804
0.522196
0.059561
0.012347
0.018816
0.101300
0.133792
0.518347
0.935258
0.376435
0.293632
0.065065
0.018916
0.040421
0.107386
0.431028
0.291916
0.073880
0.242876
0.074547
0.012081
0.344270
0.923594
0.839522
0.518127
0.543032
0.523272
0.333046
0.002130
0.065935
0.449736
0.096544
0.129072
0.098848
0.063864
0.011373
0.001271
0.296378
0.795718
0.961663
0.988035
0.655840
0.307247
0.001225
0.007206
0.522777
0.690068
0.211768
0.365450
0.249463
0.634746
0.004370
0.008536
0.226598
0.033464
0.019642
0.231338
0.802085
0.521045
0.004466
0.003110
0.247211
0.344215
0.335367
0.957361
0.495418
0.027767
0.008263
0.010953
0.244892
0.257334
0.503078
0.987041
0.530861
0.346743
0.015372
0.012212
0.062564
0.028031
0.312366
0.353695
0.201746
0.334759
0.062623
0.008348
0.241082
0.805719
0.730175
0.620695
0.516200
0.493924
0.230454
0.000095
0.025902
0.366852
0.073102
0.242910
0.079949
0.029069
0.007493
0.010156
0.178565
0.805561
0.966882
0.991436
0.659041
0.194636
0.002179
0.002564
0.646294
0.801544
0.194938
0.348162
0.368268
0.645977
0.001790
0.006510
0.354510
0.021632
0.023560
0.346691
0.817387
0.646929
0.010293
0.000597
0.375424
0.475725
0.462079
0.963370
0.374792
0.023380
0.011065
0.010897
0.370219
0.376654
0.370943
0.979770
0.655644
0.474771
0.012422
0.011869
0.191218
0.034981
0.198545
0.335246
0.185983
0.470675
0.194533
0.002064
0.359939
0.807083
0.609088
0.602771
0.632799
0.622516
0.347207
0.001248
0.024842
0.369832
0.199987
0.365223
0.203370
0.017651
0.005840
0.013162
0.074009
0.815585
0.982106
0.981609
0.670216
0.092884
0.005955
0.006652
0.761231
0.898549
0.178236
0.337195
0.494490
0.653733
0.004633
0.014979
0.473037
0.038973
0.033271
0.441521
0.839957
0.766671
0.020974
0.015941
0.493201
0.604078
0.574582
0.964191
0.273127
0.015353
0.005797
0.008522
0.499047
0.490967
0.286263
0.973490
0.780397
0.607606
0.012773
0.009706
0.303327
0.018407
0.101628
0.318583
0.203224
0.576304
0.310173
0.009403
0.445009
0.800460
0.490412
0.594143
0.729171
0.713353
0.441790
0.002759
0.012551
0.383148
0.313427
0.475136
0.308607
0.013222
0.001549
0.008801
0.062309
0.911173
0.955984
0.968785
0.738973
0.060376
0.006099
0.005383
0.868109
0.908522
0.071389
0.269664
0.591460
0.726128
0.005656
0.020416
0.567392
0.050385
0.043050
0.358479
0.950981
0.897814
0.023343
0.017949
0.605707
0.687839
0.664356
0.932680
0.309989
0.022338
0.031149
0.002216
0.590472
0.607171
0.305684
0.976183
0.917955
0.712775
0.017809
0.025167
0.348383
0.032109
0.090585
0.243621
0.270541
0.659097
0.357971
0.012133
0.363187
0.744438
0.387858
0.556875
0.721967
0.698108
0.370781
0.014280
0.037120
0.393856
0.370467
0.560773
0.364586
0.025677
0.022210
0.031015
0.003775
0.932209
0.945665
0.980001
0.745588
0.027829
0.030125
0.043972
0.944636
0.926653
0.078391
0.287605
0.655991
0.703919
0.022347
0.000037
0.578387
0.061344
0.065645
0.354707
0.952921
0.914279
0.040586
0.027778
0.624058
0.742750
0.678628
0.901624
0.305568
0.058573
0.050249
0.008213
0.614163
0.629131
0.311741
0.964745
0.949099
0.739657
0.055878
0.012590
0.354487
0.045510
0.073494
0.263899
0.286575
0.686215
0.385375
0.016012
0.369873
0.694285
0.367507
0.560960
0.742549
0.710340
0.390487
0.039513
0.041418
0.382799
0.388569
0.621666
0.408595
0.043820
0.008830
0.227513
0.033913
0.111056
0.049452
0.583643
0.962295
0.293129
0.232157
0.024579
0.548518
0.522347
0.419524
0.795386
0.164095
0.349923
0.156234
0.188542
0.171815
0.270580
0.584244
0.498900
0.114498
0.281702
0.066562
0.050059
0.217707
0.272353
0.443288
0.702814
0.953206
0.396275
0.204577
0.043431
0.014603
0.607157
0.803492
0.558931
0.894344
0.596554
0.500201
0.146148
0.134487
0.899823
0.482421
0.299277
0.132493
0.066033
0.556910
0.117897
0.355349
0.845755
0.643650
0.679490
0.629605
0.572610
0.634755
0.232943
0.408443
0.495917
0.449070
0.526870
0.361935
0.380539
0.091294
0.139910
0.096990
0.076420
0.142681
0.557358
0.923728
0.418012
0.013474
0.131344
0.356969
0.475790
0.426684
0.894879
0.013013
0.444540
0.044203
0.068117
0.084853
0.117046
0.490180
0.531386
0.101876
0.313376
0.065718
0.107212
0.088747
0.131999
0.460373
0.622217
0.803472
0.384073
0.057197
0.137300
0.009754
0.468159
0.823051
0.507343
0.774952
0.410314
0.466637
0.063850
0.139308
0.758527
0.468428
0.067374
0.116443
0.122191
0.527572
0.111219
0.473764
0.876647
0.566788
0.589581
0.588022
0.519427
0.537560
0.137999
0.365926
0.460298
0.432320
0.341356
0.443730
0.358272
0.016631
0.002896
0.009598
0.011458
0.018668
0.975299
0.992562
0.965440
0.000920
0.003209
0.955371
0.962131
0.963741
0.988594
0.003623
0.963281
0.000921
0.001780
0.002518
0.006328
0.029176
0.034204
0.010303
0.955120
0.001991
0.000471
0.004015
0.002508
0.024011
0.041867
0.988537
0.956013
0.002430
0.000243
0.002956
0.029366
0.988606
0.974055
0.982688
0.026018
0.026772
0.002735
0.002532
0.982495
0.963461
0.007843
0.003133
0.004033
0.024177
0.002625
0.963626
0.996708
0.040194
0.035072
0.033387
0.033959
0.034990
0.002431
0.958428
0.963676
0.956991
0.956929
0.955485
0.958408
0.000802
0.000518
0.016189
0.017159
0.024443
0.977026
0.993005
0.967997
0.001171
0.001340
0.956095
0.961740
0.962199
0.983659
0.004631
0.970641
0.000337
0.001517
0.002887
0.003689
0.023036
0.027032
0.017786
0.955264
0.002666
0.001826
0.003383
0.003992
0.023279
0.042833
0.992554
0.953851
0.002951
0.001780
0.004892
0.026250
0.994007
0.976472
0.979289
0.024263
0.023908
0.001860
0.001450
0.977314
0.969321
0.008555
0.003913
0.001589
0.023437
0.001498
0.959001
0.994841
0.041892
0.029785
0.028702
0.028198
0.028083
0.001215
0.954202
0.968818
0.953484
0.956178
0.954606
0.953885
0.000769
0.000319
0.021891
0.025853
0.031020
0.984202
0.992687
0.976225
0.001593
0.001041
0.956006
0.961584
0.960759
0.974760
0.003070
0.977468
0.000761
0.001395
0.001462
0.003331
0.015498
0.020382
0.026067
0.956723
0.001895
0.000206
0.003255
0.003772
0.015714
0.043916
0.992360
0.954789
0.001100
0.000838
0.003436
0.017246
0.992262
0.983814
0.971369
0.018264
0.015054
0.001156
0.001024
0.969341
0.976480
0.007872
0.002976
0.003161
0.015497
0.000441
0.959220
0.995944
0.042324
0.021760
0.023505
0.022556
0.020095
0.000952
0.954352
0.975700
0.954124
0.954978
0.954717
0.954531
0.000314
0.000071
0.961278
0.964654
0.973365
0.988902
0.987020
0.975200
0.002151
0.000827
0.020948
0.028455
0.027892
0.034745
0.006416
0.978542
0.000186
0.001664
0.002116
0.004631
0.012347
0.016841
0.967418
0.020002
0.003160
0.001297
0.004932
0.005638
0.012111
0.980564
0.987477
0.017173
0.000673
0.000321
0.006240
0.012945
0.987513
0.988142
0.031373
0.014990
0.008926
0.000146
0.000933
0.026178
0.975333
0.011457
0.006108
0.004617
0.009057
0.001428
0.024792
0.993848
0.979104
0.022199
0.023385
0.021700
0.017248
0.000961
0.015880
0.975287
0.016174
0.017406
0.015430
0.016113
0.000652
0.001274
0.961922
0.973414
0.984199
0.991419
0.987513
0.970606
0.000299
0.001648
0.020266
0.030042
0.020416
0.027069
0.006108
0.979560
0.000064
0.000448
0.005232
0.003369
0.008659
0.015779
0.975118
0.021506
0.001008
0.000996
0.006183
0.012657
0.015720
0.987192
0.979785
0.009088
0.001653
0.000753
0.005957
0.013268
0.980668
0.991922
0.029853
0.019258
0.006962
0.001075
0.001393
0.016577
0.970695
0.011912
0.006843
0.011028
0.007336
0.000660
0.018400
0.994063
0.985727
0.026057
0.026368
0.024015
0.016449
0.001825
0.010383
0.971324
0.009137
0.012004
0.009915
0.010258
0.001704
0.001624
0.960163
0.980422
0.990468
0.995792
0.988961
0.965723
0.001277
0.001448
0.025371
0.034742
0.016726
0.019987
0.008679
0.983683
0.000272
0.000556
0.006501
0.003781
0.006484
0.013726
0.982190
0.026190
0.001877
0.000649
0.008792
0.020199
0.022918
0.992678
0.972406
0.005780
0.001306
0.000640
0.007809
0.010931
0.971880
0.994575
0.030265
0.025143
0.005514
0.000350
0.002906
0.010338
0.965201
0.011782
0.005729
0.018607
0.006102
0.001694
0.015814
0.994130
0.987535
0.029490
0.033027
0.030686
0.014835
0.000471
0.005268
0.967640
0.007548
0.010940
0.007409
0.004817
0.001053
0.001506
0.024255
0.990029
0.995971
0.998790
0.990466
0.027224
0.000667
0.001310
0.967376
0.973169
0.011063
0.012732
0.012767
0.988563
0.000103
0.000701
0.010734
0.003596
0.002408
0.011550
0.990885
0.967393
0.001823
0.000631
0.012761
0.963650
0.962156
0.994838
0.032448
0.002051
0.001757
0.000254
0.013158
0.012090
0.032705
0.998195
0.969304
0.964706
0.001265
0.000513
0.007374
0.003834
0.027518
0.010301
0.007162
0.961627
0.007201
0.000429
0.013433
0.993779
0.986270
0.964699
0.968827
0.967879
0.012677
0.001169
0.003399
0.032768
0.009239
0.011615
0.009057
0.003310
0.000391
0.000956
0.016580
0.990024
0.996758
0.998610
0.990240
0.018938
0.000523
0.000094
0.975929
0.981123
0.009189
0.010835
0.021202
0.988610
0.000500
0.000394
0.020151
0.002958
0.002524
0.020740
0.992598
0.976800
0.000876
0.000489
0.021583
0.973341
0.971773
0.995863
0.023907
0.002493
0.001357
0.000535
0.021031
0.021619
0.024158
0.998000
0.977672
0.972888
0.001292
0.000231
0.016580
0.003852
0.019455
0.008668
0.006658
0.971917
0.017275
0.000373
0.022103
0.993594
0.977099
0.963267
0.978087
0.976756
0.020848
0.001237
0.002172
0.034763
0.018585
0.021429
0.018643
0.002367
0.000372
0.001066
0.008114
0.990728
0.998036
0.997522
0.989907
0.008241
0.001517
0.000557
0.983607
0.989054
0.009028
0.012269
0.031145
0.988221
0.000162
0.000725
0.027716
0.003298
0.003565
0.028878
0.992393
0.983164
0.000926
0.000739
0.031104
0.980377
0.979590
0.995666
0.014274
0.000728
0.000951
0.000562
0.030775
0.029758
0.014368
0.998525
0.985762
0.982532
0.001250
0.000332
0.024268
0.002775
0.010070
0.011369
0.008083
0.980348
0.024526
0.001372
0.030317
0.993238
0.968816
0.965944
0.985918
0.984201
0.030543
0.000085
0.001718
0.033162
0.024222
0.028993
0.025223
0.001077
0.000417
0.001083
0.005739
0.993107
0.995809
0.996230
0.989735
0.005278
0.000726
0.001565
0.990095
0.991653
0.007232
0.010277
0.968145
0.987563
0.001330
0.000813
0.965141
0.004353
0.003880
0.960494
0.994594
0.990569
0.001499
0.000984
0.967001
0.985579
0.983611
0.993775
0.014665
0.002493
0.001580
0.000545
0.967709
0.966804
0.015085
0.998354
0.992747
0.986931
0.002517
0.001279
0.959807
0.003555
0.006306
0.009282
0.010526
0.983140
0.960131
0.000017
0.961742
0.990382
0.031128
0.032652
0.987209
0.986345
0.960622
0.000542
0.002130
0.964416
0.959070
0.966092
0.959929
0.002421
0.000550
0.003637
0.004200
0.992041
0.992987
0.996154
0.991826
0.003109
0.000812
0.001668
0.994991
0.995311
0.008235
0.013387
0.973022
0.985870
0.000572
0.002364
0.966692
0.006442
0.004624
0.962019
0.996260
0.992056
0.003767
0.004058
0.970022
0.987128
0.986402
0.991802
0.015067
0.005932
0.004104
0.003181
0.972946
0.970217
0.015147
0.996370
0.997357
0.991691
0.002131
0.002526
0.962622
0.006039
0.003559
0.008766
0.013623
0.988668
0.958953
0.000659
0.961233
0.985657
0.027648
0.031447
0.987972
0.986874
0.962617
0.003890
0.004209
0.961753
0.964316
0.966824
0.960245
0.005833
0.001611
0.156604
0.028923
0.037757
0.201647
0.371197
0.857507
0.569596
0.221026
0.132645
0.408110
0.448072
0.594870
0.836171
0.021630
0.509957
0.183720
0.005838
0.007895
0.190586
0.552431
0.621744
0.041454
0.567919
0.176248
0.018931
0.151833
0.175797
0.658777
0.631402
0.790956
0.351626
0.242777
0.180767
0.057758
0.451870
0.861579
0.583888
0.750417
0.556391
0.420309
0.272252
0.098111
0.763231
0.424478
0.209297
0.274921
0.235412
0.514061
0.197005
0.362258
0.811506
0.422760
0.630228
0.475770
0.684420
0.539527
0.068340
0.388939
0.578763
0.488619
0.561618
0.380356
0.376505
0.237266
0.143669
0.226560
0.213207
0.195369
0.604250
0.870159
0.493734
0.088088
0.145522
0.414485
0.455078
0.539836
0.895784
0.149353
0.504846
0.101791
0.004327
0.125674
0.033240
0.412790
0.545738
0.150217
0.386665
0.044231
0.053254
0.039298
0.004184
0.386036
0.588531
0.866161
0.427168
0.008442
0.145394
0.095266
0.454295
0.822026
0.477182
0.709070
0.470264
0.422157
0.092248
0.003835
0.721598
0.505863
0.215042
0.048203
0.065840
0.399058
0.083385
0.421641
0.968324
0.671093
0.480504
0.520542
0.584792
0.450023
0.120623
0.348122
0.504805
0.426754
0.396394
0.450643
0.407865
0.136597
0.003005
0.012572
0.009682
0.021636
0.978659
0.987673
0.968089
0.002730
0.004719
0.960121
0.965867
0.968449
0.987679
0.005695
0.964815
0.002411
0.004706
0.000300
0.003711
0.026823
0.028435
0.014174
0.956116
0.004567
0.003566
0.006807
0.007437
0.022698
0.036948
0.987899
0.957731
0.004222
0.001250
0.006692
0.027870
0.990733
0.978016
0.981328
0.024082
0.024205
0.002138
0.003708
0.978144
0.966713
0.009335
0.005030
0.000188
0.021775
0.004394
0.965154
0.996724
0.038949
0.030288
0.033963
0.033447
0.030830
0.000182
0.955900
0.965368
0.957531
0.959782
0.959611
0.959082
0.002896
0.000057
0.006963
0.007291
0.010048
0.991344
0.996206
0.988610
0.001185
0.000444
0.982907
0.984490
0.985768
0.992842
0.002331
0.988915
0.000945
0.000564
0.000912
0.001503
0.009109
0.010529
0.007689
0.982740
0.000612
0.001067
0.001565
0.001780
0.008417
0.016847
0.996667
0.982257
0.000282
0.001149
0.001602
0.009676
0.996997
0.991688
0.990660
0.008663
0.008578
0.000783
0.000829
0.989127
0.987969
0.003637
0.001333
0.001049
0.007871
0.000763
0.983884
0.998311
0.016508
0.010940
0.011376
0.010515
0.010075
0.000452
0.982326
0.987786
0.981694
0.982290
0.981599
0.982465
0.001192
0.000199
0.022266
0.025829
0.032866
0.985325
0.993045
0.974957
0.000230
0.001104
0.957463
0.961881
0.961398
0.975219
0.002399
0.976780
0.000078
0.000307
0.002422
0.003192
0.015678
0.021032
0.025896
0.955613
0.000040
0.002107
0.002780
0.005160
0.016923
0.043582
0.991069
0.954198
0.001510
0.000474
0.003565
0.017395
0.992507
0.985962
0.971732
0.017745
0.014116
0.001931
0.000336
0.968979
0.975845
0.006313
0.002528
0.003113
0.014934
0.001695
0.958836
0.997466
0.044257
0.023152
0.023685
0.021435
0.019297
0.000860
0.955181
0.975736
0.953822
0.955102
0.954328
0.954349
0.000835
0.000374
0.960508
0.964905
0.974437
0.990450
0.987875
0.976625
0.002748
0.001680
0.020919
0.028532
0.028200
0.033777
0.006071
0.978820
0.003259
0.000118
0.003281
0.004581
0.012602
0.018105
0.966726
0.020366
0.001768
0.001757
0.006361
0.004827
0.011844
0.982423
0.987715
0.017846
0.000694
0.000256
0.003711
0.013634
0.987999
0.990468
0.030355
0.013771
0.011341
0.001578
0.001706
0.024519
0.976594
0.010528
0.004239
0.005330
0.010464
0.002419
0.025553
0.995922
0.979241
0.023080
0.024559
0.021185
0.017876
0.001449
0.017392
0.975283
0.017518
0.017808
0.018016
0.016836
0.001503
0.000729
0.984940
0.989278
0.993653
0.997139
0.995094
0.988249
0.000586
0.000046
0.008861
0.012524
0.007927
0.010849
0.002889
0.991234
0.000322
0.000646
0.001759
0.000961
0.003763
0.006350
0.990674
0.008489
0.000790
0.000315
0.002125
0.005394
0.006830
0.995428
0.991710
0.004397
0.000379
0.000477
0.002163
0.005336
0.991984
0.997364
0.012178
0.008004
0.002606
0.000560
0.000441
0.005871
0.987495
0.004509
0.002304
0.003847
0.002843
0.000677
0.007818
0.997906
0.993517
0.010932
0.011580
0.009847
0.006248
0.000171
0.003855
0.988493
0.003567
0.005191
0.004516
0.003973
0.000496
0.001239
0.960894
0.981479
0.990562
0.994963
0.989169
0.964347
0.000901
0.000997
0.024887
0.033001
0.015471
0.019781
0.008693
0.984285
0.001153
0.000156
0.005820
0.003730
0.007101
0.015487
0.983943
0.025568
0.001640
0.001798
0.007030
0.020941
0.023015
0.991837
0.972609
0.005707
0.000177
0.001836
0.006793
0.010766
0.973747
0.995296
0.032015
0.024580
0.004332
0.001986
0.003562
0.008068
0.964910
0.011332
0.004553
0.019443
0.007037
0.001051
0.016449
0.993865
0.987349
0.030917
0.031392
0.030670
0.015542
0.001361
0.005162
0.968494
0.007767
0.011126
0.008824
0.005284
0.000302
0.001410
0.025079
0.989656
0.995996
0.999235
0.990970
0.028091
0.001415
0.000238
0.967405
0.973322
0.009957
0.011952
0.011490
0.988011
0.000807
0.001231
0.009463
0.002096
0.002946
0.012744
0.990836
0.967589
0.000096
0.000181
0.012450
0.963129
0.961785
0.994512
0.033889
0.003479
0.000590
0.000194
0.012713
0.011817
0.033591
0.999346
0.969251
0.964541
0.001150
0.000207
0.007041
0.004066
0.026617
0.009671
0.006724
0.962360
0.007717
0.000035
0.013669
0.992998
0.985445
0.964606
0.968319
0.966877
0.012523
0.001129
0.002085
0.032570
0.009681
0.011970
0.009249
0.002414
0.000788
0.000522
0.006904
0.996148
0.999071
0.999240
0.996524
0.007443
0.000461
0.000569
0.990539
0.992345
0.004015
0.004366
0.008869
0.995655
0.000160
0.000272
0.007930
0.000863
0.000879
0.008620
0.997109
0.990463
0.000478
0.000082
0.008436
0.988733
0.988440
0.998285
0.009754
0.000955
0.000033
0.000160
0.008905
0.009045
0.009580
0.999801
0.990792
0.989253
0.000778
0.000124
0.006403
0.000895
0.007401
0.003343
0.002253
0.988043
0.007131
0.000058
0.009355
0.997438
0.990988
0.985511
0.990905
0.990278
0.008924
0.000542
0.000855
0.014134
0.007101
0.008520
0.007650
0.001235
0.000475
0.001006
0.009164
0.989844
0.998103
0.998260
0.990421
0.008240
0.000279
0.001249
0.983100
0.988843
0.008507
0.012180
0.028992
0.987846
0.001275
0.000273
0.028592
0.003527
0.004284
0.030755
0.992638
0.984613
0.001843
0.000701
0.030170
0.980396
0.980171
0.997158
0.015528
0.001656
0.001439
0.001903
0.029774
0.030053
0.014610
0.999275
0.986607
0.980887
0.002199
0.000960
0.023182
0.001506
0.010281
0.010346
0.007804
0.979132
0.025008
0.000564
0.030544
0.992652
0.968811
0.966648
0.987226
0.985606
0.030070
0.001674
0.002464
0.032852
0.024636
0.028334
0.024382
0.001281
0.000305
0.000028
0.006592
0.993410
0.995698
0.998885
0.989958
0.005459
0.000437
0.002792
0.991076
0.992554
0.006707
0.010435
0.966246
0.986751
0.001416
0.001985
0.962773
0.005703
0.003809
0.962538
0.994882
0.990759
0.002297
0.002430
0.968286
0.985496
0.983729
0.994703
0.014661
0.002831
0.001367
0.002536
0.966814
0.968776
0.015678
0.999361
0.993355
0.987197
0.002335
0.000206
0.959626
0.004563
0.005410
0.009057
0.010248
0.982158
0.960738
0.002006
0.961475
0.989384
0.032927
0.032618
0.987475
0.984953
0.961015
0.000307
0.002325
0.964658
0.958998
0.966181
0.959358
0.002567
0.001728
0.001550
0.000411
0.995804
0.998786
0.997755
0.997164
0.002883
0.000144
0.001984
0.998512
0.998524
0.003237
0.004641
0.987962
0.995962
0.000625
0.000377
0.987511
0.001735
0.001724
0.984547
0.998148
0.997275
0.000822
0.002024
0.988419
0.994651
0.994120
0.996696
0.004977
0.001090
0.000693
0.001447
0.988878
0.987593
0.004859
0.998583
0.999579
0.996245
0.000995
0.002015
0.984134
0.000997
0.000855
0.003373
0.004555
0.994054
0.985000
0.002236
0.985058
0.993965
0.011625
0.013990
0.996420
0.994732
0.985107
0.000385
0.001716
0.983832
0.984131
0.987592
0.984855
0.002039
0.000209
