665 195 51 190 222 316 631 142 56 95 392 778 523 119 374 164 736 860 7 52
665 195 51 190 222 316 631 142 90 180 392 778 523 119 374 164 736 860 90 52
665 195 240 190 222 316 631 429 375 483 392 778 523 119 374 164 736 860 375 52
665 195 371 190 222 316 674 562 506 618 392 778 523 119 374 164 736 860 506 101
665 195 371 190 222 316 674 562 506 618 392 778 523 119 374 578 736 860 506 101
665 195 523 190 222 316 826 714 658 770 392 778 523 119 374 578 736 860 658 253
665 195 601 245 222 316 841 733 679 787 392 778 523 170 374 578 736 860 679 445
665 195 720 364 339 414 1023 911 855 967 489 778 642 289 374 578 736 860 855 564
665 284 757 444 424 484 1060 948 892 1004 544 778 679 384 374 578 736 860 892 604
665 284 757 444 424 484 1060 948 892 1004 544 778 679 384 374 578 736 860 892 604
665 314 787 474 454 514 1091 978 922 1034 574 778 709 414 374 578 761 860 922 634
665 461 934 621 601 661 1243 1125 1069 1182 721 778 856 561 521 578 908 860 1069 781
665 468 1026 628 608 678 1335 1217 1161 1274 753 778 906 568 528 578 986 860 1161 828
665 468 1026 628 608 678 1335 1217 1161 1274 753 778 906 568 528 578 986 860 1161 828
665 566 1027 654 643 694 1336 1218 1162 1275 754 778 907 621 599 578 987 860 1162 829
665 566 1034 654 643 694 1370 1252 1196 1309 754 778 907 621 599 578 989 860 1196 829
665 566 1034 654 643 694 1370 1252 1196 1309 754 778 907 621 599 578 989 860 1196 829
665 566 1034 654 643 694 1370 1252 1196 1309 754 778 907 621 599 578 989 860 1196 829
665 566 1034 654 643 694 1370 1252 1196 1309 754 778 907 621 599 578 989 860 1196 829
700 605 1153 720 700 770 1489 1371 1315 1428 845 778 1028 660 638 605 1108 860 1315 923
718 623 1192 738 718 788 1528 1410 1354 1467 863 778 1067 678 656 623 1147 860 1354 962
718 623 1192 738 718 788 1528 1410 1354 1467 863 778 1067 678 656 623 1147 860 1354 962
746 651 1213 766 746 816 1549 1431 1375 1488 891 778 1095 706 684 651 1173 860 1375 990
746 651 1213 766 746 816 1549 1431 1375 1488 891 778 1095 706 684 651 1173 860 1375 990
755 723 1213 766 755 816 1549 1431 1375 1488 891 778 1095 733 729 723 1173 860 1375 990
755 723 1213 766 755 816 1549 1431 1375 1488 891 778 1095 733 729 774 1173 860 1375 990
755 723 1213 766 755 816 1549 1431 1375 1488 891 778 1095 733 729 774 1173 860 1375 990
774 742 1313 794 774 860 1649 1531 1475 1588 959 778 1181 752 748 774 1261 893 1475 1064
774 742 1313 794 774 860 1649 1531 1475 1588 959 778 1181 752 748 774 1261 893 1475 1064
774 742 1313 794 774 860 1649 1531 1475 1588 959 778 1181 752 748 774 1261 893 1475 1064
783 751 1345 816 783 886 1681 1563 1507 1620 991 778 1213 761 757 774 1293 921 1507 1096
783 751 1345 816 783 886 1681 1563 1507 1620 991 778 1213 761 832 774 1293 921 1507 1096
783 751 1345 816 783 886 1681 1563 1507 1620 991 778 1213 761 832 774 1293 921 1507 1096
812 780 1366 841 812 907 1702 1584 1528 1641 1012 790 1234 790 832 780 1314 942 1528 1117
812 780 1366 841 812 907 1702 1584 1528 1641 1012 790 1234 790 832 780 1314 942 1528 1117
858 826 1424 887 858 953 1760 1642 1586 1699 1058 836 1292 836 832 826 1372 988 1586 1175
858 826 1424 887 858 953 1760 1642 1586 1699 1058 836 1292 836 832 826 1372 988 1586 1175
858 826 1424 887 858 953 1760 1642 1586 1699 1058 836 1292 836 832 826 1372 988 1586 1175
865 833 1431 894 865 960 1767 1649 1593 1706 1065 843 1299 843 839 833 1379 995 1593 1182
879 847 1445 908 879 974 1781 1663 1607 1720 1079 857 1313 857 853 847 1393 1009 1607 1196
879 847 1445 908 879 974 1781 1663 1607 1720 1079 857 1313 857 853 847 1393 1009 1607 1196
