30
5300 4000000 1000000
23 345 -867
20 718 -268
25 630 111
-29 -64 -303
-29 113 -707
-4 503 299
20 -281 -301
30 589 -447
8 -446 -793
5600 8000000 1000000
12 552 -954
5 709 415
-6 953 -404
-13 39 -799
-8 760 161
-5 -34 -664
25 863 778
15 -548 -955
12 554 -378
5300 12000000 1000000
-12 104 -659
-30 -589 -880
9 341 338
-30 958 270
-9 -716 -866
16 557 -193
-20 917 798
-27 756 551
20 515 313
3
2 -468 55 -1 -1 -1 -1 -1 -1 -1 0 -1 -1 -1 -1 -1 -1 -1 -1 -1 -1 -1 -1 -1 -1 -1 -1 -1 -1 -1 -1 -1 -1
3
2 -360 18 -1 -1 -1 -1 -1 -1 -1 0 -1 -1 -1 -1 -1 -1 -1 -1 -1 -1 1 -1 -1 -1 -1 -1 -1 -1 -1 -1 -1 -1
3
1 599 0 -1 -1 -1 -1 -1 -1 -1 0 -1 -1 -1 -1 -1 -1 -1 -1 -1 -1 1 -1 -1 -1 -1 -1 -1 -1 -1 -1 -1 -1
3
1 -925 16 -1 -1 -1 -1 -1 -1 -1 0 -1 -1 -1 -1 -1 -1 -1 -1 -1 -1 1 -1 -1 -1 -1 -1 -1 -1 -1 -1 -1 -1
3
2 548 0 -1 -1 -1 -1 -1 -1 -1 0 -1 -1 -1 -1 -1 -1 -1 -1 -1 -1 1 -1 -1 -1 -1 -1 -1 4 -1 -1 -1 -1
3
1 806 13 -1 -1 -1 -1 -1 -1 -1 0 -1 -1 -1 -1 -1 -1 -1 -1 -1 -1 1 -1 -1 -1 -1 -1 -1 4 -1 -1 -1 -1
3
2 -93 64 -1 -1 -1 -1 -1 -1 -1 0 6 -1 -1 -1 -1 -1 -1 -1 -1 -1 1 -1 -1 -1 -1 -1 -1 4 -1 -1 -1 -1
3
1 761 13 -1 -1 -1 -1 -1 -1 -1 0 6 -1 -1 -1 -1 -1 -1 -1 -1 -1 1 -1 -1 -1 -1 -1 -1 4 -1 -1 -1 -1
3
2 -133 34 -1 -1 -1 -1 -1 -1 -1 0 6 1 -1 -1 -1 -1 -1 -1 -1 -1 8 -1 -1 -1 -1 -1 -1 4 -1 -1 -1 -1
3
1 869 21 -1 -1 -1 -1 -1 -1 -1 0 6 1 -1 -1 -1 -1 -1 -1 -1 -1 8 -1 -1 9 -1 -1 -1 4 -1 -1 -1 -1
3
2 1000000 3000 10 -1 -1 -1 -1 -1 -1 0 6 1 -1 -1 -1 -1 -1 -1 -1 -1 8 -1 -1 9 -1 -1 -1 4 -1 -1 -1 -1
3
1 917 11 10 -1 -1 -1 -1 -1 -1 0 6 1 -1 11 -1 -1 -1 -1 -1 -1 8 -1 -1 9 -1 -1 -1 4 -1 -1 -1 -1
3
2 604 -36 10 -1 -1 -1 -1 -1 -1 0 6 1 -1 11 -1 -1 -1 -1 -1 -1 8 -1 -1 9 12 -1 -1 4 -1 -1 -1 -1
3
2 908 -9 10 -1 -1 -1 13 -1 -1 0 6 1 -1 11 -1 -1 -1 -1 -1 -1 8 -1 -1 9 12 -1 -1 4 -1 -1 -1 -1
3
1 -694 22 10 -1 -1 -1 13 -1 -1 0 6 1 -1 11 -1 -1 -1 -1 -1 -1 8 -1 -1 9 12 -1 -1 4 -1 -1 -1 -1
3
2 607 -27 10 -1 -1 -1 15 -1 -1 0 6 4 -1 11 -1 -1 -1 -1 -1 -1 8 -1 -1 9 12 -1 -1 13 -1 -1 -1 -1
3
2 -896 -53 10 -1 -1 -1 12 15 -1 0 6 4 -1 11 -1 -1 -1 -1 -1 -1 8 -1 -1 9 16 -1 -1 13 -1 -1 -1 -1
3
2 -553 35 10 -1 -1 -1 12 15 -1 0 6 4 -1 11 -1 -1 -1 -1 -1 -1 8 -1 -1 9 16 -1 -1 13 -1 -1 -1 -1
3
2 -679 -42 10 -1 -1 -1 18 12 -1 0 6 4 -1 11 -1 -1 15 -1 -1 -1 8 -1 -1 9 16 -1 -1 13 -1 -1 -1 -1
3
1 625 17 10 -1 -1 -1 18 12 -1 0 6 4 -1 11 -1 -1 15 -1 -1 -1 8 -1 -1 9 16 -1 -1 13 -1 -1 -1 -1
3
2 -901 26 10 -1 -1 -1 18 12 -1 0 6 4 -1 11 -1 -1 15 -1 -1 -1 8 -1 -1 9 16 -1 -1 13 -1 -1 -1 -1
3
2 960 -42 10 -1 -1 -1 21 12 -1 0 6 4 -1 11 -1 -1 15 -1 -1 -1 8 -1 -1 9 16 -1 -1 13 -1 -1 -1 -1
3
2 194 -57 10 -1 -1 -1 21 12 -1 0 6 4 -1 11 -1 -1 15 -1 -1 -1 8 -1 -1 9 22 -1 -1 13 -1 -1 -1 -1
3
2 242 -42 10 -1 -1 -1 23 21 -1 0 6 4 -1 11 -1 -1 12 -1 13 -1 8 -1 -1 9 22 -1 -1 15 -1 -1 -1 -1
3
2 2 -23 10 -1 -1 -1 23 21 -1 0 6 4 -1 11 -1 -1 15 -1 13 -1 8 -1 -1 9 22 -1 -1 24 -1 -1 12 -1
3
1 325 8 10 -1 -1 -1 23 21 -1 0 6 4 -1 11 -1 -1 15 -1 13 -1 8 -1 -1 9 22 -1 -1 24 -1 -1 12 -1
3
1 631 2 10 -1 -1 -1 23 21 -1 0 6 4 -1 11 -1 -1 15 -1 13 -1 8 -1 -1 9 22 -1 -1 24 -1 -1 12 -1
3
2 -969 -13 10 -1 -1 -1 23 21 -1 0 6 4 -1 11 -1 -1 15 -1 13 -1 8 -1 -1 9 22 -1 -1 24 -1 -1 12 -1
3
1 -58 4 10 -1 -1 -1 23 21 -1 0 6 4 -1 11 -1 -1 15 -1 13 -1 8 -1 -1 9 22 -1 -1 24 -1 -1 12 -1
3
2 -961 24 10 -1 -1 -1 23 21 -1 0 6 4 -1 11 -1 -1 15 -1 13 -1 8 -1 -1 9 22 -1 -1 24 -1 -1 12 -1
3
2 -566 62 10 30 -1 -1 23 21 -1 0 6 4 -1 11 -1 -1 15 -1 13 -1 8 -1 -1 9 22 -1 -1 24 -1 -1 12 -1
3
2 -406 -51 10 30 -1 -1 31 23 -1 0 6 4 -1 11 -1 -1 12 -1 13 -1 8 -1 -1 9 22 -1 -1 15 -1 -1 21 -1
3
2 586 46 10 0 -1 30 31 23 -1 32 6 4 -1 11 -1 -1 12 -1 13 -1 8 -1 -1 9 22 -1 -1 15 -1 -1 21 -1
3
2 -1022 50 10 0 -1 30 31 23 -1 32 6 4 -1 11 -1 -1 12 -1 13 -1 8 -1 -1 9 22 -1 -1 15 -1 -1 21 -1
3
2 1002 59 10 34 -1 30 31 23 -1 32 6 4 -1 11 -1 -1 12 -1 13 -1 8 -1 -1 9 22 -1 -1 15 -1 -1 21 0
3
1 -413 12 10 34 -1 30 31 23 -1 32 6 4 -1 11 -1 -1 12 -1 13 -1 8 -1 -1 9 22 -1 -1 15 -1 -1 21 0
3
1 -110 12 10 34 -1 30 31 23 -1 32 6 4 -1 11 -1 -1 12 -1 13 -1 8 -1 -1 9 22 -1 -1 15 -1 -1 21 0
3
1 -357 20 10 34 -1 30 31 23 -1 32 6 4 -1 11 -1 -1 12 -1 13 -1 8 -1 -1 9 22 -1 -1 15 -1 -1 21 0
3
1 -734 9 10 34 -1 30 31 23 -1 32 6 4 -1 11 -1 -1 12 -1 13 -1 8 -1 -1 9 22 -1 -1 15 -1 -1 21 0
3
2 -481 59 10 39 -1 34 31 23 -1 32 6 4 -1 11 -1 -1 12 -1 13 30 8 -1 -1 9 22 -1 -1 15 -1 -1 21 0
3
2 -754 9 10 39 -1 34 31 23 -1 32 6 4 -1 11 -1 -1 12 -1 13 30 8 -1 -1 9 22 -1 -1 15 -1 -1 21 0
3
2 -686 34 10 39 -1 34 31 23 -1 32 6 4 -1 11 -1 -1 12 -1 13 30 8 -1 -1 9 22 -1 -1 15 -1 -1 21 0
3
2 -895 -45 10 39 -1 34 31 23 -1 32 6 4 -1 11 -1 -1 12 -1 13 30 8 -1 -1 9 22 -1 -1 15 -1 -1 21 0
3
1 -265 7 10 39 -1 34 31 23 -1 32 6 4 -1 11 -1 -1 12 -1 13 30 8 -1 -1 9 22 -1 -1 15 -1 -1 21 0
3
1 -450 21 10 39 -1 34 31 23 -1 32 6 4 -1 11 -1 -1 12 -1 13 30 8 -1 -1 9 22 -1 -1 15 -1 -1 21 0
3
2 418 22 10 39 -1 34 23 21 -1 32 6 45 -1 11 -1 -1 15 -1 4 30 8 -1 -1 9 22 -1 31 13 -1 -1 12 0
3
2 -641 40 10 39 -1 34 23 21 -1 32 6 45 -1 11 -1 -1 15 -1 4 30 8 -1 -1 9 22 -1 31 13 -1 -1 12 0
3
1 89 0 10 39 -1 34 23 21 -1 32 6 45 -1 11 -1 -1 15 -1 4 30 8 -1 -1 9 22 -1 31 13 -1 -1 12 0
3
1 -1019 16 10 39 -1 34 23 21 -1 32 6 45 -1 11 -1 -1 15 -1 4 30 8 -1 -1 9 22 -1 31 13 -1 -1 12 0
3
1 -35 8 10 39 -1 34 23 21 -1 32 6 45 -1 11 -1 -1 15 -1 4 30 8 -1 -1 9 22 -1 31 13 -1 -1 12 0
3
2 1000000 2000 50 39 -1 34 23 21 -1 32 6 45 10 11 -1 -1 15 -1 4 30 8 -1 -1 9 22 -1 31 13 -1 -1 12 0
3
2 82 -62 50 39 -1 34 31 23 -1 32 6 4 10 11 -1 -1 12 -1 13 30 45 -1 -1 9 51 -1 22 15 -1 -1 21 0
3
2 -33 61 50 34 -1 52 31 23 -1 32 6 4 10 11 -1 -1 12 -1 13 30 45 -1 -1 9 51 -1 22 15 -1 -1 21 39
3
2 580 47 50 39 -1 34 31 23 -1 32 6 4 10 11 -1 -1 12 -1 13 52 45 -1 -1 9 51 -1 22 15 -1 -1 21 53
3
1 579 19 50 39 -1 34 31 23 -1 32 6 4 10 11 -1 -1 12 -1 13 52 45 54 -1 9 51 -1 22 15 -1 -1 21 53
3
2 -308 58 50 55 -1 34 31 23 -1 32 6 4 10 11 -1 -1 12 -1 13 52 45 54 -1 9 51 -1 22 15 -1 -1 21 53
3
2 996 1 50 55 -1 34 31 23 -1 32 6 4 10 11 -1 -1 12 -1 13 52 45 54 -1 9 51 56 22 15 -1 -1 21 53
3
2 718 -10 50 55 -1 34 23 21 -1 32 6 4 10 11 -1 -1 15 -1 13 52 45 54 -1 9 51 56 22 57 -1 -1 12 53
3
2 1024 27 50 55 -1 34 23 21 -1 32 6 4 10 11 -1 -1 15 -1 13 52 45 54 -1 9 51 56 22 57 58 -1 12 53
3
1 -590 22 50 55 -1 34 23 21 -1 32 6 4 10 11 -1 -1 15 -1 13 52 45 54 -1 9 51 56 22 57 58 -1 12 53
3
2 940 -11 50 55 -1 34 23 21 13 32 6 4 10 11 -1 -1 15 -1 57 52 45 54 -1 9 51 56 22 60 58 -1 12 53
3
1 556 16 50 55 -1 34 23 21 13 32 6 4 10 11 -1 -1 15 -1 57 52 45 54 -1 9 51 56 22 60 58 -1 12 53
3
1 -261 25 50 55 -1 34 23 21 13 32 6 4 10 11 -1 -1 15 -1 57 52 45 54 -1 9 51 56 22 60 58 -1 12 53
3
1 -378 19 50 55 -1 34 23 21 13 32 6 4 10 11 -1 -1 15 -1 57 52 45 54 -1 9 51 56 22 60 58 -1 12 53
3
1 277 29 50 55 -1 34 23 21 13 32 6 4 10 11 -1 -1 15 -1 57 52 45 54 -1 9 51 56 22 60 58 -1 12 53
3
2 -855 -8 50 55 -1 34 23 21 13 32 6 4 10 11 -1 -1 15 -1 57 52 45 54 -1 9 51 56 22 60 58 -1 12 53
3
1 -209 7 50 55 -1 34 23 21 13 32 6 4 10 11 -1 -1 15 -1 57 52 45 54 -1 9 51 56 22 60 58 -1 12 53
3
1 -762 4 50 55 -1 34 23 21 13 32 6 4 10 11 -1 -1 15 -1 57 52 45 54 -1 9 51 56 22 60 58 -1 12 53
3
1 -61 1 50 55 -1 34 23 21 13 32 6 4 10 11 -1 -1 15 -1 57 52 45 54 -1 9 51 56 22 60 58 -1 12 53
3
1 -513 1 50 55 -1 34 23 21 13 32 6 4 10 11 -1 -1 15 -1 57 52 45 54 -1 9 51 56 22 60 58 -1 12 53
3
2 -803 -17 50 55 -1 34 23 21 13 32 6 4 10 11 -1 -1 15 -1 57 52 45 54 -1 9 51 56 22 60 58 -1 12 53
3
1 637 10 50 55 -1 34 23 21 13 32 6 4 10 11 -1 -1 15 -1 57 52 45 54 -1 9 51 56 22 60 58 -1 12 53
3
2 -532 32 50 55 -1 34 23 21 13 32 6 4 10 11 -1 -1 15 -1 57 52 45 54 -1 9 51 56 22 60 58 -1 12 53
3
1 638 11 50 55 -1 34 23 21 13 32 6 4 10 11 -1 -1 15 -1 57 52 45 54 -1 9 51 56 22 60 58 -1 12 53
3
2 -845 9 50 55 -1 34 23 21 13 32 6 4 10 11 -1 -1 15 -1 57 52 45 54 -1 9 51 56 22 60 58 -1 12 53
3
2 -125 9 50 55 -1 34 23 21 13 32 6 4 10 11 -1 -1 15 -1 57 52 45 54 -1 9 51 56 22 60 58 -1 12 53
3
2 -212 -61 50 55 -1 34 22 23 13 32 6 4 10 11 -1 -1 15 -1 57 52 45 54 -1 9 51 56 76 60 58 12 21 53
3
2 -688 -2 50 55 -1 34 22 23 13 32 6 4 10 11 -1 -1 15 -1 57 52 45 54 -1 9 51 56 76 60 58 12 21 53
3
1 366 20 50 55 -1 34 22 23 13 32 6 4 10 11 -1 -1 15 -1 57 52 45 54 -1 9 51 56 76 60 58 12 21 53
3
2 -33 -55 50 55 -1 34 22 79 57 32 6 13 10 11 -1 -1 12 -1 60 52 45 54 -1 9 51 56 76 15 58 21 23 53
3
1 -343 27 50 55 -1 34 22 79 57 32 6 13 10 11 -1 -1 12 -1 60 52 45 54 -1 9 51 56 76 15 58 21 23 53
3
2 -600 36 50 55 -1 34 22 79 57 32 6 13 10 11 -1 -1 12 -1 60 52 45 54 -1 9 51 56 76 15 58 21 23 53
3
1 -721 1 50 55 -1 34 22 79 57 32 6 13 10 11 -1 -1 12 -1 60 52 45 54 -1 9 51 56 76 15 58 21 23 53
3
2 798 -16 50 55 -1 34 22 79 57 32 6 13 10 11 -1 -1 15 -1 60 52 45 54 -1 9 51 56 76 83 58 12 21 53
3
1 -585 12 50 55 -1 34 22 79 57 32 6 13 10 11 -1 -1 15 -1 60 52 45 54 -1 9 51 56 76 83 58 12 21 53
3
1 830 2 50 55 85 34 22 79 57 32 6 13 10 11 -1 -1 15 -1 60 52 45 54 -1 9 51 56 76 83 58 12 21 53
3
2 -899 44 50 55 85 34 22 79 57 32 6 13 10 11 -1 -1 15 -1 60 52 45 54 -1 9 51 56 76 83 58 12 21 53
3
1 -678 4 50 55 85 34 22 79 57 32 6 13 10 11 -1 -1 15 -1 60 52 45 54 -1 9 51 56 76 83 58 12 21 53
3
2 162 -52 50 55 85 34 22 79 57 32 6 13 10 11 -1 -1 12 83 60 52 45 54 -1 9 51 56 76 15 58 21 88 53
3
1 596 14 50 55 85 34 22 79 57 32 6 13 10 11 -1 -1 12 83 60 52 45 54 -1 9 51 56 76 15 58 21 88 53
3
2 1000000 1000 50 34 32 52 22 79 57 53 90 13 10 11 -1 -1 12 83 60 6 45 54 -1 9 51 56 76 15 58 21 88 55
3
2 547 -28 50 34 32 52 22 79 57 53 90 13 10 11 -1 -1 12 83 60 6 45 54 -1 91 51 56 76 15 58 21 88 55
3
2 -71 60 50 92 32 52 22 79 57 53 90 13 10 11 -1 -1 12 83 60 6 45 54 -1 91 51 56 76 15 58 21 88 34
3
1 836 9 50 92 32 52 22 79 57 53 90 93 10 11 -1 -1 12 83 60 6 45 56 -1 91 51 13 76 15 58 21 88 34
3
2 445 -62 50 92 32 52 22 79 57 53 90 93 10 11 -1 -1 12 83 60 6 45 56 -1 91 94 13 51 15 58 21 88 34
3
2 -598 -10 50 92 32 52 22 79 57 53 90 93 10 11 -1 -1 12 83 60 6 45 56 -1 91 94 13 51 15 58 21 88 34
3
1 546 21 50 92 32 52 22 79 57 53 90 93 10 11 -1 -1 12 83 60 6 45 56 -1 91 94 13 51 15 58 21 88 34
3
1 -52 6 50 92 32 52 22 79 57 53 90 93 10 11 -1 -1 12 83 60 6 45 56 -1 91 94 13 51 15 58 21 88 34
3
2 -552 -47 50 92 32 52 22 79 57 53 90 93 10 11 -1 -1 12 83 60 6 45 56 -1 91 94 13 51 15 58 21 88 34
3
1 -179 13 50 92 32 52 22 79 57 53 90 93 10 11 -1 -1 12 83 60 6 45 56 -1 91 94 13 51 15 58 21 88 34
3
