0.0 0.0 1.0 1.0		;;; left,low,right,high
50 1 			;;; nx, ny
5 1 			;;; disp_rate (5 => display every 5 iters), seed
10000 5 20  0.1		;;; tend, nphase, nc_[-1], alpha_[-1]
100 20 0.05		;;; t_[phase], nc_[phase],alpha_[phase]
500 1 0.05		;;; t_[phase], nc_[phase],alpha_[phase]
750 0 0.05		;;; t_[phase], nc_[phase],alpha_[phase]
1000 0 0.05		;;; t_[phase], nc_[phase],alpha_[phase]
3000 0 0.05		;;; t_[phase], nc_[phase],alpha_[phase]
3000 999999999	 	;;; snapshots (epoch):0=initial, 9x9=last
3000
0.879417
0.276604
0.908447
0.105567
0.769648
0.160322
0.673210
0.074586
0.527866
0.101005
0.668223
0.284144
0.582595
0.455027
0.474917
0.327587
0.427563
0.266213
0.403279
0.202392
0.372824
0.094729
0.305990
0.170043
0.249190
0.213218
0.232771
0.062844
0.153584
0.155464
0.075793
0.084361
0.085300
0.236199
0.239357
0.329376
0.134713
0.349403
0.066854
0.414790
0.147453
0.440502
0.246761
0.457158
0.353038
0.486090
0.243778
0.549968
0.086050
0.579778
0.183344
0.604672
0.158036
0.665414
0.266618
0.678309
0.214245
0.740320
0.074401
0.780811
0.112625
0.920372
0.200413
0.851355
0.304609
0.794366
0.308022
0.902614
0.398182
0.917965
0.428763
0.757374
0.472763
0.609195
0.556045
0.732371
0.520006
0.888605
0.608368
0.896330
0.651366
0.807617
0.755401
0.935467
0.740120
0.807015
0.741533
0.695295
0.824760
0.751418
0.929325
0.899723
0.914644
0.680058
0.662460
0.578118
0.755089
0.432601
0.924728
0.460463
