0.0 0.0 1.0 1.0		;;; left,low,right,high
1000 1 			;;; nx, ny
5 1 			;;; disp_rate (5 => display every 5 iters), seed
10000 5 250  0.1		;;; tend, nphase, nc_[-1], alpha_[-1]
100 100 0.05		;;; t_[phase], nc_[phase],alpha_[phase]
500 50 0.05		;;; t_[phase], nc_[phase],alpha_[phase]
1000 20 0.05		;;; t_[phase], nc_[phase],alpha_[phase]
3000 5 0.05		;;; t_[phase], nc_[phase],alpha_[phase]
5000 0 0.05		;;; t_[phase], nc_[phase],alpha_[phase]
10000 999999999	 	;;; snapshots (epoch):0=initial, 9x9=last
10000
0.067885
0.918583
0.069045
0.923249
0.074423
0.933015
0.086022
0.937811
0.105031
0.945788
0.125091
0.946307
0.149824
0.946712
0.164982
0.947378
0.170043
0.944568
0.174064
0.938430
0.180136
0.928447
0.187165
0.919342
0.187653
0.902842
0.193556
0.885591
0.192423
0.868511
0.188284
0.852063
0.178562
0.831346
0.181157
0.807439
0.180247
0.790945
0.176683
0.776411
0.169138
0.767191
0.157064
0.762586
0.147087
0.762663
0.131689
0.768535
0.122757
0.770176
0.114563
0.787592
0.104400
0.795894
0.094721
0.803165
0.082456
0.805386
0.072275
0.804885
0.062611
0.791773
0.057950
0.783541
0.060378
0.774332
0.058270
0.763225
0.055143
0.749390
0.054936
0.740131
0.060023
0.727353
0.057749
0.711876
0.059076
0.706671
0.055924
0.692949
0.059990
0.685383
0.058797
0.670782
0.062694
0.659320
0.063303
0.657714
0.068015
0.649194
0.072357
0.640767
0.071984
0.632813
0.068614
0.628329
0.068336
0.619614
0.068913
0.612190
0.074374
0.608296
0.082667
0.602181
0.093195
0.599300
0.103320
0.592703
0.110954
0.586149
0.120135
0.586796
0.124849
0.593847
0.133394
0.597830
0.137159
0.598221
0.146411
0.608587
0.152979
0.607900
0.161492
0.610035
0.167078
0.617009
0.174760
0.622813
0.182064
0.622070
0.191616
0.616279
0.199073
0.620657
0.200938
0.631504
0.207431
0.635762
0.221164
0.650625
0.225625
0.657182
0.230227
0.659474
0.241970
0.654903
0.257284
0.647497
0.264404
0.637493
0.261473
0.624115
0.258848
0.613709
0.262617
0.606109
0.266276
0.599317
0.277818
0.596467
0.285776
0.594615
0.289488
0.588953
0.298219
0.583954
0.301829
0.578901
0.308329
0.571097
0.308086
0.566695
0.292377
0.550582
0.283808
0.543563
0.283344
0.535294
0.292028
0.530427
0.295208
0.528248
0.296778
0.517961
0.305948
0.512834
0.309106
0.508288
0.312556
0.500786
0.321369
0.498706
0.333528
0.495095
0.339277
0.487706
0.337093
0.480305
0.334520
0.474165
0.333688
0.467112
0.335420
0.459337
0.338790
0.453346
0.352565
0.449848
0.362399
0.444049
0.367307
0.436184
0.365721
0.431604
0.361136
0.423367
0.359158
0.418209
0.358775
0.408075
0.356094
0.402078
0.355417
0.397584
0.353948
0.391767
0.352663
0.385725
0.343585
0.382022
0.333573
0.375484
0.323672
0.372485
0.315680
0.361706
0.309729
0.348940
0.310484
0.343377
0.314304
0.334327
0.308952
0.324646
0.299346
0.316405
0.285463
0.320157
0.273277
0.318870
0.262953
0.323561
0.256047
0.325980
0.251939
0.337540
0.248809
0.346506
0.242979
0.348800
0.235435
0.352217
0.236436
0.360652
0.238431
0.375070
0.235712
0.384740
0.230625
0.393139
0.225271
0.398900
0.211477
0.403131
0.200318
0.412146
0.190891
0.415903
0.183310
0.420144
0.178298
0.428524
0.177872
0.433767
0.178928
0.441569
0.168994
0.448604
0.164894
0.453879
0.158755
0.460588
0.147298
0.470795
0.135081
0.468165
0.124294
0.459424
0.118114
0.454200
0.113827
0.453043
0.107225
0.458490
0.093758
0.459448
0.081822
0.462765
0.075253
0.463350
0.072222
0.462646
0.066116
0.458359
0.061232
0.450827
0.055235
0.430074
0.056048
0.423755
0.053957
0.420047
0.054940
0.414525
0.059676
0.403727
0.069197
0.391261
0.072375
0.381501
0.069744
0.374072
0.068352
0.373000
0.065593
0.358166
0.067552
0.348138
0.060037
0.338667
0.056066
0.326913
0.059068
0.320727
0.061751
0.314936
0.068860
0.303333
0.076244
0.300828
0.080303
0.299190
0.086915
0.299730
0.102951
0.297798
0.108457
0.299104
0.117048
0.298905
0.125149
0.297602
0.126311
0.292002
0.133701
0.286767
0.139389
0.284160
0.140530
0.280902
0.150083
0.274434
0.155943
0.264515
0.159648
0.259842
0.156562
0.252799
0.151827
0.246293
0.148562
0.231614
0.146788
0.227131
0.140794
0.217593
0.140651
0.210579
0.137160
0.206892
0.133252
0.204805
0.121566
0.204616
0.115805
0.206957
0.115399
0.204945
0.101631
0.208240
0.099635
0.209974
0.087101
0.211110
0.080302
0.209851
0.068208
0.206510
0.066356
0.202373
0.065425
0.195432
0.063171
0.188628
0.062791
0.175489
0.065671
0.162646
0.063883
0.159578
0.064516
0.149140
0.066931
0.142969
0.064539
0.136362
0.070493
0.131742
0.070593
0.126533
0.072406
0.122502
0.068307
0.112071
0.070160
0.110174
0.058710
0.095002
0.057925
0.087740
0.056388
0.079351
0.055410
0.066132
0.057409
0.064078
0.062285
0.060261
0.069613
0.061108
0.083219
0.059498
0.088301
0.055530
0.095079
0.056360
0.111676
0.061203
0.118624
0.066046
0.122470
0.067112
0.125125
0.065714
0.131068
0.062387
0.140670
0.063445
0.145430
0.062301
0.150088
0.062985
0.157168
0.066751
0.164170
0.067671
0.167247
0.066720
0.172205
0.061504
0.181818
0.058109
0.188164
0.061415
0.195022
0.065754
0.197297
0.065341
0.202762
0.064973
0.213973
0.064892
0.218845
0.061926
0.225470
0.059722
0.227460
0.059883
0.237172
0.058352
0.241937
0.060088
0.251119
0.061616
0.259978
0.059323
0.267797
0.063073
0.271772
0.063639
0.277416
0.064510
0.281826
0.071118
0.280715
0.077702
0.277324
0.089111
0.277595
0.092724
0.274561
0.106139
0.272856
0.113879
0.274222
0.119474
0.267610
0.135332
0.268356
0.144319
0.268175
0.147046
0.263637
0.155424
0.264419
0.164569
0.264649
0.164765
0.267080
0.170491
0.270047
0.182998
0.273827
0.187942
0.286780
0.193229
0.292985
0.198712
0.302985
0.206226
0.306200
0.208708
0.313330
0.204814
0.323168
0.193024
0.327586
0.186774
0.339288
0.179880
0.344922
0.176663
0.354705
0.173971
0.354336
0.169431
0.359560
0.160941
0.360065
0.153637
0.359059
0.134387
0.360449
0.122431
0.363410
0.109081
0.364253
0.097080
0.366258
0.095653
0.375325
0.084578
0.380559
0.079163
0.387075
0.079334
0.388178
0.077263
0.392337
0.076628
0.397177
0.078613
0.416081
0.090440
0.423386
0.094543
0.429646
0.090679
0.436517
0.084511
0.439956
0.080072
0.444897
0.070016
0.446194
0.064526
0.445411
0.061182
0.446071
0.055477
0.447805
0.051320
0.451190
0.045772
0.454944
0.044840
0.460400
0.044831
0.468066
0.044381
0.472521
0.045203
0.476090
0.047484
0.480801
0.049534
0.486360
0.053917
0.496021
0.054691
0.504534
0.054320
0.512357
0.052475
0.518678
0.054665
0.522785
0.057533
0.527043
0.060276
0.533660
0.059169
0.537876
0.059220
0.544303
0.057795
0.550504
0.052009
0.560979
0.050801
0.566733
0.054926
0.579022
0.064026
0.582243
0.069542
0.586293
0.073035
0.585775
0.081080
0.583646
0.088430
0.583375
0.097205
0.582338
0.099068
0.575742
0.106808
0.572013
0.114876
0.563737
0.121501
0.552529
0.124059
0.546331
0.127751
0.540490
0.131042
0.538758
0.134533
0.535074
0.140387
0.535719
0.150112
0.536639
0.152292
0.533351
0.154229
0.532014
0.160097
0.533374
0.167324
0.548497
0.178357
0.555624
0.185603
0.557414
0.188588
0.559116
0.204220
0.557092
0.207889
0.550327
0.211548
0.537739
0.211556
0.525303
0.215838
0.516858
0.213429
0.507645
0.211904
0.502065
0.208773
0.496608
0.210386
0.483917
0.209383
0.481086
0.214561
0.478864
0.217085
0.474726
0.224240
0.476939
0.233201
0.475041
0.243954
0.465450
0.246305
0.461287
0.256493
0.453017
0.259191
0.442840
0.263458
0.432582
0.261167
0.419990
0.265804
0.411983
0.270986
0.409303
0.275542
0.408197
0.280322
0.411041
0.288683
0.415994
0.294958
0.422933
0.301667
0.429157
0.307552
0.434400
0.310493
0.442723
0.315393
0.454340
0.323132
0.462768
0.329513
0.463404
0.348320
0.465811
0.361176
0.468921
0.365945
0.480834
0.370613
0.487964
0.370557
0.493037
0.367999
0.496953
0.363075
0.510213
0.353250
0.513967
0.345461
0.522114
0.338916
0.527440
0.337942
0.533326
0.337285
0.539661
0.332231
0.545164
0.331444
0.545716
0.331426
0.547174
0.333962
0.551483
0.336810
0.558008
0.333397
0.568727
0.329859
0.576348
0.324457
0.579074
0.317206
0.585321
0.312866
0.588361
0.314823
0.595948
0.317372
0.598794
0.321589
0.601621
0.323189
0.606733
0.325354
0.607914
0.326562
0.615809
0.327296
0.624786
0.334681
0.631041
0.337698
0.639536
0.339195
0.641591
0.338765
0.644123
0.332120
0.643339
0.320015
0.646960
0.316661
0.649843
0.312048
0.652626
0.309651
0.657879
0.305637
0.659165
0.302956
0.662197
0.298057
0.672035
0.292851
0.677162
0.290134
0.682790
0.291775
0.684875
0.289533
0.685336
0.288414
0.699129
0.290749
0.706998
0.295099
0.712648
0.294686
0.716251
0.293437
0.724731
0.297132
0.726243
0.298136
0.729456
0.296396
0.731164
0.290884
0.736084
0.284986
0.737775
0.274153
0.734584
0.268372
0.735147
0.262036
0.736232
0.259114
0.733755
0.253582
0.728772
0.247952
0.722956
0.244614
0.724311
0.239908
0.713259
0.229925
0.711228
0.221480
0.713529
0.212854
0.718189
0.211207
0.729362
0.207823
0.736944
0.206450
0.742432
0.205205
0.746638
0.201785
0.747222
0.199517
0.749546
0.196190
0.753462
0.190161
0.760804
0.189433
0.770098
0.183655
0.774705
0.180684
0.776594
0.177207
0.779307
0.175180
0.775785
0.169276
0.772709
0.164389
0.767524
0.160715
0.759147
0.154361
0.753564
0.149275
0.739286
0.140873
0.728795
0.137417
0.722085
0.133694
0.712924
0.129500
0.708655
0.125894
0.708206
0.120583
0.705433
0.109227
0.704219
0.096962
0.705614
0.090269
0.707419
0.084595
0.710390
0.072584
0.705836
0.059435
0.708110
0.055715
0.714776
0.054887
0.732020
0.057655
0.735886
0.054910
0.745470
0.049932
0.759952
0.051392
0.763439
0.049329
0.767475
0.048610
0.772406
0.050304
0.777875
0.054649
0.786087
0.056471
0.804963
0.069377
0.808637
0.070384
0.814513
0.074472
0.821001
0.081903
0.833698
0.089755
0.838458
0.085989
0.849035
0.082302
0.854315
0.077386
0.857537
0.074655
0.863806
0.067668
0.869733
0.062254
0.870858
0.059075
0.876560
0.056389
0.887331
0.057668
0.891586
0.061782
0.906103
0.058242
0.911480
0.060209
0.919411
0.060453
0.925576
0.060667
0.934818
0.062905
0.937671
0.065042
0.942079
0.072105
0.946298
0.090742
0.948629
0.093078
0.945089
0.102689
0.944672
0.112177
0.943304
0.130096
0.940417
0.134368
0.939225
0.139849
0.938520
0.143148
0.933724
0.154691
0.931201
0.159458
0.932554
0.162148
0.931493
0.168613
0.929365
0.176509
0.935803
0.186958
0.935789
0.190821
0.926686
0.190311
0.913518
0.190884
0.908477
0.190385
0.898740
0.187943
0.892197
0.188334
0.889670
0.193348
0.889716
0.199847
0.886517
0.207173
0.886302
0.208201
0.884002
0.217114
0.882744
0.222643
0.883063
0.228047
0.883851
0.235575
0.887988
0.238730
0.883177
0.243835
0.885603
0.246559
0.887883
0.251196
0.888271
0.252728
0.897144
0.257163
0.911074
0.260929
0.920288
0.264937
0.920934
0.269299
0.927883
0.272506
0.934590
0.278562
0.941629
0.282899
0.948424
0.293144
0.948161
0.297403
0.941186
0.306912
0.929323
0.313154
0.926976
0.313169
0.921943
0.316756
0.912352
0.316892
0.906381
0.319067
0.906011
0.319625
0.890576
0.320956
0.884910
0.322619
0.878061
0.327457
0.870080
0.328898
0.861341
0.328015
0.850901
0.329071
0.844831
0.334986
0.840050
0.343358
0.841017
0.350048
0.843267
0.350900
0.843005
0.363246
0.846268
0.370596
0.852383
0.373873
0.861143
0.375914
0.864001
0.380009
0.876044
0.382841
0.880712
0.385147
0.884136
0.387515
0.890743
0.385639
0.898167
0.388058
0.904116
0.385276
0.906934
0.387163
0.915067
0.385512
0.924769
0.390144
0.931479
0.391949
0.933232
0.393915
0.938157
0.398034
0.941993
0.402256
0.945957
0.404273
0.942605
0.412291
0.940949
0.418844
0.942671
0.426011
0.948615
0.429424
0.949911
0.433693
0.955292
0.441159
0.955800
0.450204
0.953281
0.455930
0.950374
0.463677
0.944939
0.472387
0.944428
0.475338
0.942118
0.488702
0.941975
0.496287
0.941275
0.501551
0.938382
0.510102
0.942706
0.521188
0.944381
0.529488
0.944847
0.539366
0.940355
0.548082
0.935512
0.553516
0.927057
0.554874
0.911041
0.551325
0.901798
0.548372
0.895345
0.551619
0.884941
0.551838
0.878002
0.554841
0.872158
0.557011
0.865156
0.558172
0.860577
0.558390
0.856526
0.555009
0.853716
0.543181
0.850422
0.534377
0.843452
0.532499
0.832294
0.524081
0.829774
0.522439
0.827331
0.518462
0.822623
0.512833
0.821422
0.503500
0.816595
0.495821
0.815623
0.493930
0.806877
0.486803
0.801680
0.486170
0.795321
0.484311
0.793778
0.481077
0.787994
0.479526
0.782690
0.479937
0.775005
0.478878
0.767247
0.484754
0.762222
0.481096
0.753729
0.474267
0.750237
0.466417
0.746866
0.461203
0.748597
0.455521
0.744328
0.447794
0.743761
0.446211
0.743995
0.438362
0.741233
0.430434
0.733986
0.425160
0.728556
0.418240
0.723111
0.412992
0.720186
0.408738
0.714671
0.406101
0.710472
0.405480
0.701724
0.407754
0.692208
0.418787
0.688561
0.418485
0.683818
0.425555
0.669838
0.436759
0.657107
0.446160
0.649665
0.453412
0.642674
0.455032
0.632998
0.458298
0.618015
0.459054
0.604790
0.457568
0.590748
0.458937
0.582012
0.461269
0.579611
0.464695
0.575995
0.467206
0.575039
0.472606
0.575174
0.478464
0.577165
0.481664
0.579119
0.490079
0.582380
0.499728
0.587437
0.505250
0.596841
0.513907
0.599623
0.519608
0.598434
0.527748
0.604041
0.533264
0.605483
0.537404
0.608850
0.544551
0.615012
0.554122
0.619949
0.557279
0.622670
0.565034
0.625115
0.573517
0.617458
0.579353
0.615500
0.585276
0.607902
0.589105
0.603146
0.591886
0.600064
0.595199
0.602150
0.602459
0.606891
0.613041
0.610710
0.624711
0.614936
0.631513
0.629224
0.642254
0.634607
0.650262
0.639956
0.653945
0.646856
0.655572
0.655832
0.652335
0.666570
0.648064
0.674358
0.636209
0.680141
0.624776
0.686052
0.620013
0.694874
0.612821
0.698175
0.613464
0.712180
0.610847
0.718562
0.612667
0.727247
0.616537
0.732354
0.623833
0.743143
0.624054
0.749239
0.629048
0.753455
0.633600
0.755762
0.639021
0.757214
0.645062
0.756562
0.654972
0.761760
0.661510
0.763817
0.669479
0.764717
0.671039
0.769644
0.672425
0.773830
0.677127
0.771886
0.687382
0.770949
0.695516
0.769844
0.705872
0.773002
0.709140
0.774066
0.715018
0.780781
0.725225
0.788745
0.729839
0.794235
0.742013
0.796467
0.752357
0.804214
0.758510
0.809544
0.760605
0.813521
0.759263
0.820780
0.754950
0.826516
0.751970
0.832724
0.747370
0.839950
0.739093
0.844302
0.733649
0.847439
0.728778
0.850937
0.722019
0.853568
0.720420
0.858530
0.715077
0.864984
0.696791
0.874519
0.687553
0.878565
0.686602
0.887699
0.686158
0.896721
0.682768
0.905560
0.675175
0.915208
0.668954
0.928153
0.664780
0.932154
0.661945
0.941369
0.660280
0.951610
0.661088
0.957548
0.665549
0.960292
0.670582
0.964620
0.680790
0.962505
0.688903
0.962303
0.700247
0.958976
0.714645
0.957371
0.719007
0.948693
0.728401
0.944681
0.732930
0.945363
0.741943
0.944301
0.745966
0.937936
0.756484
0.940848
0.766455
0.934850
0.780220
0.933445
0.787627
0.930617
0.798072
0.928984
0.806858
0.926523
0.813571
0.924960
0.816131
0.919640
0.823249
0.908614
0.829510
0.901759
0.837340
0.902819
0.842163
0.911397
0.845130
0.924155
0.854189
0.930403
0.861604
0.934032
0.870368
0.933188
0.873277
0.932576
0.885593
0.937798
0.891393
0.939792
0.894028
0.937775
0.895843
0.927640
0.899242
0.924431
0.901559
0.921696
0.906796
0.922547
0.917679
0.926213
0.925849
0.924805
0.928793
0.922520
0.930099
0.923007
0.937496
0.923660
0.944298
0.922259
0.948047
0.923629
0.952025
0.922484
0.953399
0.917841
0.956719
0.909922
0.956990
0.900506
0.958335
0.892816
0.956010
0.878711
0.956508
0.872506
0.953797
0.868631
0.952178
0.856111
0.947932
0.852895
0.944536
0.849492
0.939881
0.850757
0.938285
0.851560
0.929102
0.845466
0.924298
0.837874
0.926750
0.830974
0.927543
0.828288
0.929404
0.821947
0.934940
0.817128
0.941903
0.815096
0.944558
0.808981
0.947562
0.805109
0.953592
0.800369
0.954877
0.796043
0.953816
0.789061
0.952128
0.778896
0.950534
0.776982
0.948429
0.773024
0.945275
0.766010
0.937793
0.752226
0.936509
0.748286
0.935611
0.739394
0.940032
0.733797
0.945882
0.730564
0.945540
0.722971
0.945430
0.715315
0.943896
0.713918
0.942028
0.713106
0.934586
0.718492
0.919299
0.718355
0.916155
0.718291
0.911780
0.720488
0.901385
0.720098
0.896525
0.722864
0.891583
0.727547
0.883538
0.731782
0.875589
0.732835
0.870188
0.730108
0.867387
0.724088
0.866951
0.714395
0.862107
0.710091
0.858930
0.706554
0.859708
0.696866
0.859279
0.689777
0.862300
0.681582
0.865857
0.675020
0.869259
0.671289
0.870110
0.668807
0.872625
0.666465
0.872152
0.664719
0.870477
0.665073
0.865845
0.666293
0.861469
0.659613
0.857130
0.653559
0.852389
0.653786
0.846260
0.653667
0.842168
0.649143
0.834081
0.646363
0.828459
0.642502
0.825760
0.643825
0.820592
0.646428
0.812763
0.652136
0.800198
0.653848
0.798189
0.654818
0.794325
0.648873
0.788448
0.641597
0.785139
0.636015
0.784775
0.630648
0.783787
0.618266
0.787465
0.611952
0.786136
0.592967
0.788386
0.582864
0.790179
0.576694
0.788272
0.571675
0.788354
0.569306
0.787200
0.561508
0.785741
0.554011
0.793441
0.550638
0.796734
0.549662
0.802208
0.550911
0.810057
0.548050
0.815157
0.535484
0.823670
0.528880
0.825557
0.516213
0.827494
0.511398
0.830743
0.509105
0.834224
0.510997
0.839876
0.514841
0.848278
0.520362
0.858355
0.525818
0.864441
0.532315
0.875482
0.534539
0.879066
0.536862
0.887759
0.538100
0.894970
0.548563
0.904727
0.556345
0.911358
0.563393
0.918374
0.565606
0.923993
0.561619
0.931048
0.554288
0.938205
0.547805
0.944517
0.530626
0.942680
0.515510
0.936022
0.502433
0.930614
0.496555
0.933386
0.488404
0.932805
0.473172
0.932890
0.467399
0.935737
0.462419
0.935223
0.456498
0.929827
0.451225
0.928106
0.442386
0.927671
0.434136
0.926941
0.423651
0.920493
0.416335
0.919032
0.409861
0.909059
0.402409
0.902015
0.399435
0.902151
0.385405
0.905960
0.376742
0.909233
0.366955
0.916273
0.359084
0.924893
0.358962
0.930640
0.352878
0.934049
0.343558
0.938821
0.334643
0.946691
0.319194
0.952495
0.313733
0.955409
0.310589
0.955616
0.302773
0.952180
0.299165
0.948631
0.302343
0.936683
0.304715
0.920031
0.305382
0.912018
0.310046
0.903051
0.316474
0.892431
0.318575
0.880124
0.319656
0.867681
0.318396
0.861152
0.319695
0.854438
0.313612
0.844365
0.307185
0.833594
0.304349
0.825572
0.296770
0.819260
0.289680
0.810938
0.286358
0.802365
0.289690
0.793221
0.292816
0.786696
0.299292
0.777445
0.299843
0.774982
0.302607
0.767621
0.304271
0.763171
0.305716
0.750339
0.309197
0.744907
0.317348
0.738786
0.321027
0.733247
0.321777
0.728853
0.327117
0.723210
0.339234
0.726637
0.346741
0.730437
0.353238
0.737639
0.362508
0.750465
0.365195
0.752330
0.378283
0.756161
0.381160
0.753523
0.383529
0.748249
0.389307
0.735300
0.407195
0.727276
0.410495
0.722013
0.420762
0.716005
0.432285
0.714936
0.434654
0.716672
0.443312
0.721281
0.458292
0.721757
0.470444
0.718901
0.477213
0.713286
0.487563
0.705249
0.492824
0.700203
0.495409
0.692221
0.498558
0.688545
0.503486
0.678195
0.503625
0.660298
0.501723
0.650453
0.497878
0.638301
0.490926
0.624012
0.485980
0.611513
0.483643
0.602392
0.474855
0.589757
0.464847
0.582569
0.450392
0.573339
0.443837
0.566844
0.445904
0.553999
0.452511
0.538056
0.454415
0.532615
0.465097
0.529025
0.475417
0.528749
0.484065
0.531534
0.484333
0.531885
