0.0 0.0 1.0 1.0		;;; left,low,right,high
15 15 			;;; nx, ny
50 1			;;; disp_rate, seed
10000 4 30 0.1		;;; tend, nphase, nc_[-1], alpha_[-1]
100 25 0.05		;;; t_[phase], nc_[phase],alpha_[phase]
500 5 0.05		;;; t_[phase], nc_[phase],alpha_[phase]
5000 0 0.025		;;; t_[phase], nc_[phase],alpha_[phase]
10000 0 0.0		;;; t_[phase], nc_[phase],alpha_[phase]
10000  999999999	 	;;; snapshots (epoch):0=initial, 9x9=last
10000
0.218161
0.185297
0.191517
0.180026
0.173279
0.214098
0.138598
0.238077
0.091311
0.256331
0.098812
0.321286
0.113409
0.498252
0.117464
0.664142
0.077757
0.747354
0.143108
0.770372
0.189815
0.789456
0.245158
0.790663
0.279642
0.817324
0.306314
0.821634
0.318982
0.842903
0.244925
0.184447
0.229734
0.199171
0.206590
0.221517
0.182115
0.250973
0.171075
0.280731
0.172178
0.316859
0.172194
0.482460
0.174476
0.667962
0.174481
0.717460
0.192771
0.740001
0.223464
0.758272
0.274053
0.774390
0.305824
0.798355
0.331225
0.821200
0.346538
0.830638
0.275242
0.178031
0.283302
0.209025
0.267275
0.230270
0.260497
0.263207
0.251073
0.290148
0.250477
0.328540
0.222480
0.473560
0.239121
0.635764
0.245064
0.693359
0.264480
0.711885
0.278076
0.735885
0.313213
0.756363
0.340764
0.782601
0.357958
0.815784
0.365917
0.846544
0.326476
0.188094
0.324679
0.211387
0.320951
0.238830
0.310678
0.268503
0.309852
0.300400
0.305678
0.329920
0.303617
0.441249
0.301134
0.613391
0.302627
0.676654
0.317993
0.703107
0.340715
0.723925
0.361506
0.743358
0.382812
0.771206
0.400033
0.806257
0.405829
0.823994
0.357314
0.168552
0.361092
0.209068
0.359570
0.240484
0.354351
0.268704
0.354548
0.298725
0.357567
0.334525
0.356857
0.429352
0.359153
0.571724
0.364977
0.650523
0.367622
0.691877
0.383581
0.717020
0.401351
0.739430
0.421417
0.771751
0.434883
0.804300
0.440488
0.823312
0.392882
0.172052
0.397950
0.207977
0.395899
0.242510
0.399832
0.270733
0.398946
0.300132
0.404320
0.333923
0.398423
0.409055
0.409300
0.534586
0.415118
0.633655
0.418379
0.687919
0.427219
0.715948
0.439745
0.739616
0.455766
0.772271
0.463028
0.806720
0.468310
0.838415
0.430853
0.178558
0.440232
0.208649
0.442264
0.239591
0.446156
0.265304
0.445443
0.290904
0.446322
0.324939
0.442476
0.391785
0.442347
0.502666
0.449826
0.615100
0.453512
0.685955
0.467278
0.717179
0.478153
0.743694
0.493187
0.770276
0.490432
0.798783
0.493126
0.818156
0.474079
0.155257
0.475101
0.208494
0.477108
0.236390
0.481497
0.266371
0.484362
0.292823
0.489319
0.321233
0.487281
0.375534
0.482897
0.479048
0.488074
0.598105
0.496427
0.681890
0.505902
0.716175
0.517467
0.740881
0.528206
0.769468
0.523398
0.795355
0.524970
0.812245
0.510540
0.179208
0.509204
0.209425
0.510675
0.235285
0.516304
0.263948
0.525507
0.286662
0.533715
0.313995
0.548521
0.355985
0.543759
0.421454
0.555443
0.569795
0.551199
0.675639
0.550507
0.709501
0.553434
0.741827
0.559821
0.772278
0.564779
0.796098
0.564712
0.825161
0.544645
0.185439
0.542378
0.204041
0.547402
0.228520
0.554647
0.262971
0.569107
0.285169
0.570621
0.306617
0.581833
0.342634
0.579466
0.399282
0.592660
0.557405
0.592403
0.672378
0.591980
0.702093
0.594884
0.738788
0.602203
0.775955
0.609367
0.806485
0.609369
0.843667
0.568479
0.170057
0.574967
0.195435
0.582903
0.224035
0.599808
0.256489
0.616902
0.275888
0.632819
0.298871
0.637888
0.332847
0.641241
0.381644
0.636827
0.544762
0.633113
0.658878
0.636386
0.697289
0.637434
0.735465
0.642762
0.770087
0.641739
0.808635
0.642510
0.828630
0.601393
0.166184
0.603798
0.190819
0.617794
0.216619
0.644533
0.250408
0.664795
0.271459
0.688050
0.291813
0.702051
0.313516
0.710225
0.358713
0.693834
0.499923
0.677981
0.645547
0.671122
0.697151
0.675425
0.728837
0.684104
0.762782
0.692815
0.808152
0.688607
0.833104
0.635478
0.172949
0.639777
0.188102
0.659847
0.210109
0.681663
0.238505
0.710568
0.258444
0.736546
0.282762
0.761199
0.299460
0.769108
0.334968
0.774944
0.453587
0.735910
0.626826
0.724364
0.692584
0.727909
0.719633
0.739850
0.758486
0.756323
0.802299
0.761181
0.827868
0.657034
0.172229
0.664901
0.183057
0.700516
0.194983
0.728306
0.215594
0.764057
0.231893
0.798475
0.263904
0.829292
0.283500
0.837512
0.322617
0.830598
0.408747
0.784374
0.606788
0.775475
0.691528
0.788381
0.716043
0.806479
0.750630
0.826833
0.786535
0.827529
0.817391
0.684184
0.162740
0.693481
0.182559
0.725987
0.182966
0.760738
0.190576
0.802645
0.203808
0.849705
0.236949
0.926849
0.249643
0.884095
0.321944
0.861609
0.407630
0.814019
0.583392
0.808841
0.686476
0.820932
0.710004
0.874086
0.725534
0.865528
0.769442
0.914249
0.800047
