train.vectors		;;; vectorfilename
8 8 			;;; nx, ny
1 1 			;;; disp_rate, seed
300 2 5 0.1		;;; tend, nphase, nc_[-1], alpha_[-1]
10 1 0.05		;;; t_[phase], nc_[phase],alpha_[phase]
150 0 0.025		;;; t_[phase], nc_[phase],alpha_[phase]
300 999999999 	;;; snapshots (epoch):-1=initial, 9x9=last
300
0.000001
0.000007
0.000055
0.999995
0.999999
0.999951
0.000012
0.000001
0.000001
0.000052
0.000054
0.999944
0.000053
0.999987
0.000012
0.000001
0.000000
0.000049
0.999940
0.999940
0.000002
0.999994
0.000052
0.000001
0.000001
0.999988
0.999941
0.000002
0.000056
0.999998
0.000005
0.000001
0.000001
0.999988
0.999987
0.999997
0.999999
0.999990
0.999942
0.000001
0.000001
0.000002
0.000005
0.000012
0.000049
0.999987
0.000002
0.000002
0.000001
0.000006
0.000013
0.000008
0.000048
0.999941
0.000002
0.000003
0.000000
0.000005
0.000012
0.000005
0.000052
0.000006
0.000004
0.000001
0.000040
0.000946
0.498558
0.999294
0.999908
0.502340
0.001489
0.000058
0.000108
0.498174
0.498394
0.501490
0.498279
0.998343
0.001767
0.000046
0.000023
0.497610
0.500903
0.500786
0.000207
0.999253
0.498239
0.000181
0.000077
0.998369
0.500932
0.000137
0.498530
0.999618
0.000596
0.000181
0.000102
0.998347
0.998262
0.999694
0.999835
0.998927
0.500940
0.000181
0.000017
0.000107
0.000771
0.001626
0.497690
0.998264
0.000239
0.000127
0.000068
0.000787
0.001784
0.001109
0.497663
0.500935
0.000254
0.000216
0.000057
0.000613
0.001597
0.000763
0.498132
0.000743
0.000610
0.000049
0.000001
0.000014
0.999954
0.999974
0.999996
0.000059
0.000036
0.000000
0.000000
0.999960
0.999965
0.000048
0.999963
0.999963
0.000038
0.000000
0.000001
0.999940
0.000026
0.000022
0.000002
0.999974
0.999962
0.000003
0.000001
0.999963
0.000025
0.000002
0.999953
0.999994
0.000022
0.000002
0.000001
0.999963
0.999961
0.999994
0.999997
0.999983
0.000025
0.000003
0.000000
0.000003
0.000026
0.000039
0.999941
0.999962
0.000006
0.000002
0.000001
0.000024
0.000038
0.000015
0.999939
0.000026
0.000004
0.000004
0.000000
0.000024
0.000037
0.000024
0.999961
0.000025
0.000023
0.000001
0.000098
0.001574
0.497529
0.498573
0.999009
0.503606
0.502005
0.000084
0.000068
0.995954
0.997036
0.502986
0.996853
0.497869
0.502577
0.000054
0.000005
0.495980
0.002388
0.001527
0.000139
0.498528
0.996464
0.000548
0.000062
0.497805
0.002055
0.000184
0.497119
0.998804
0.500466
0.000503
0.000085
0.497800
0.497459
0.998780
0.999037
0.997383
0.002087
0.000542
0.000047
0.000551
0.501434
0.502923
0.496488
0.497843
0.001093
0.000551
0.000085
0.500669
0.502242
0.001753
0.495560
0.002072
0.000730
0.000635
0.000074
0.500978
0.502492
0.500981
0.996357
0.500947
0.500530
0.000001
0.000021
0.010680
0.029088
0.019841
0.973161
0.968825
0.963473
0.000091
0.000415
0.958431
0.985100
0.984516
0.983924
0.035112
0.976949
0.000659
0.000237
0.017826
0.030599
0.004487
0.001587
0.019607
0.971265
0.013470
0.000831
0.034987
0.019271
0.001149
0.015886
0.971030
0.953356
0.012978
0.000525
0.034907
0.021481
0.970810
0.973373
0.962247
0.018483
0.013343
0.000272
0.014392
0.979777
0.990205
0.031396
0.034588
0.027826
0.014800
0.000858
0.954240
0.964995
0.012121
0.005645
0.020129
0.016127
0.015512
0.000240
0.966868
0.978047
0.967355
0.971465
0.968022
0.953292
0.000638
0.000640
0.002246
0.025741
0.009095
0.961073
0.957857
0.955047
0.000152
0.000348
0.957099
0.996323
0.992925
0.994393
0.043330
0.975064
0.000489
0.000889
0.022503
0.041015
0.002596
0.001927
0.008617
0.976124
0.020077
0.000357
0.043810
0.023426
0.002360
0.007552
0.959541
0.953085
0.019014
0.000111
0.043391
0.024578
0.959304
0.960810
0.958892
0.022078
0.019094
0.000463
0.019951
0.991075
0.992125
0.042846
0.043212
0.040427
0.020091
0.000432
0.953676
0.956257
0.003808
0.004500
0.024291
0.021548
0.020944
0.001157
0.972129
0.974119
0.972420
0.975489
0.973099
0.953096
0.000866
0.000659
0.002088
0.937064
0.005153
0.013898
0.012105
0.009660
0.000863
0.000219
0.010982
0.997375
0.995531
0.996280
0.988406
0.064393
0.000679
0.000958
0.056587
0.986232
0.000986
0.002528
0.004552
0.064399
0.053938
0.000164
0.988092
0.933656
0.001722
0.005673
0.012298
0.008927
0.053670
0.000323
0.988314
0.055875
0.012459
0.013667
0.011962
0.055548
0.054322
0.000505
0.933981
0.994657
0.995659
0.988705
0.987725
0.987469
0.933530
0.000217
0.009896
0.011607
0.003471
0.003698
0.934860
0.934748
0.934041
0.000983
0.941193
0.942427
0.942354
0.943450
0.941642
0.008477
0.000016
0.000000
0.000001
0.999943
0.000004
0.000008
0.000007
0.000006
0.000001
0.000001
0.000007
0.999999
0.999996
0.999998
0.999992
0.000058
0.000000
0.000001
0.000054
0.999991
0.000000
0.000003
0.000004
0.000059
0.000051
0.000001
0.999993
0.999943
0.000003
0.000003
0.000006
0.000006
0.000052
0.000002
0.999993
0.000053
0.000006
0.000009
0.000008
0.000053
0.000051
0.000002
0.999942
0.999996
0.999996
0.999992
0.999991
0.999993
0.999941
0.000002
0.000007
0.000009
0.000003
0.000003
0.999944
0.999942
0.999942
0.000001
0.999945
0.999946
0.999945
0.999946
0.999945
0.000006
0.000001
0.000037
0.010141
0.061235
0.994827
0.998447
0.947817
0.014182
0.000126
0.000621
0.054802
0.056733
0.938430
0.055855
0.983525
0.015810
0.000424
0.000443
0.051301
0.933765
0.933210
0.001896
0.993909
0.055184
0.001036
0.000775
0.983973
0.934552
0.001612
0.063222
0.996741
0.004104
0.001233
0.000641
0.983331
0.984053
0.997431
0.998318
0.987702
0.934913
0.001293
0.000619
0.000842
0.004667
0.014737
0.051643
0.983138
0.001766
0.001086
0.000311
0.005066
0.016405
0.012838
0.052358
0.935339
0.003269
0.002116
0.000665
0.004418
0.014697
0.004547
0.054684
0.004473
0.004370
0.000358
0.000012
0.001176
0.498642
0.999361
0.999882
0.502488
0.001686
0.000054
0.000014
0.497994
0.498137
0.501310
0.498084
0.997997
0.001878
0.000059
0.000027
0.497390
0.500652
0.500694
0.000246
0.999240
0.498020
0.000107
0.000011
0.997991
0.500751
0.000193
0.498822
0.999676
0.000532
0.000089
0.000014
0.998035
0.998062
0.999669
0.999850
0.998670
0.500862
0.000143
0.000012
0.000100
0.000630
0.001767
0.497511
0.997987
0.000251
0.000129
0.000049
0.000690
0.001983
0.001455
0.497571
0.500950
0.000362
0.000247
0.000062
0.000577
0.001767
0.000603
0.497898
0.000571
0.000552
0.000056
0.000011
0.020116
0.953084
0.974447
0.996396
0.067055
0.041940
0.000043
0.000574
0.953812
0.957827
0.047736
0.955524
0.954478
0.046467
0.000703
0.000603
0.932110
0.024350
0.022854
0.003172
0.973631
0.954986
0.001448
0.000405
0.954859
0.025720
0.003243
0.953204
0.993571
0.022625
0.001698
0.000654
0.954448
0.954070
0.993582
0.996631
0.975879
0.026198
0.002179
0.000404
0.002928
0.025524
0.044775
0.933064
0.953709
0.005340
0.003313
0.000219
0.024641
0.046214
0.023094
0.932348
0.027657
0.005725
0.004635
0.000260
0.023331
0.044518
0.024296
0.953709
0.024775
0.021921
0.000442
0.000010
0.002066
0.497837
0.498861
0.999133
0.503845
0.502310
0.000045
0.000022
0.995709
0.996585
0.502449
0.996435
0.497457
0.502920
0.000005
0.000039
0.495789
0.002141
0.001387
0.000263
0.498815
0.996156
0.000445
0.000005
0.497435
0.001877
0.000237
0.497609
0.998875
0.500320
0.000455
0.000002
0.497469
0.497136
0.998874
0.999176
0.997049
0.001972
0.000482
0.000008
0.000472
0.501087
0.503094
0.496114
0.497355
0.001027
0.000509
0.000047
0.500505
0.502644
0.002296
0.495474
0.002018
0.000698
0.000635
0.000046
0.500641
0.502793
0.500738
0.995984
0.500766
0.500287
0.000055
0.000000
0.000011
0.000028
0.000020
0.999976
0.999973
0.999968
0.000000
0.000000
0.999961
0.999985
0.999984
0.999984
0.000031
0.999980
0.000000
0.000000
0.000015
0.000027
0.000004
0.000002
0.000019
0.999973
0.000012
0.000000
0.000031
0.000018
0.000002
0.000017
0.999974
0.999957
0.000012
0.000000
0.000031
0.000019
0.999974
0.999976
0.999965
0.000017
0.000012
0.000000
0.000013
0.999981
0.999991
0.000027
0.000030
0.000026
0.000013
0.000000
0.999959
0.999970
0.000013
0.000005
0.000019
0.000015
0.000014
0.000000
0.999969
0.999980
0.999970
0.999973
0.999969
0.999956
0.000000
0.000648
0.003327
0.026482
0.010887
0.962136
0.959714
0.955076
0.000185
0.000072
0.956928
0.994881
0.991577
0.992953
0.042307
0.975565
0.000362
0.000208
0.021793
0.038841
0.002303
0.003121
0.009587
0.975121
0.018373
0.000082
0.041943
0.022416
0.003456
0.009696
0.958992
0.952244
0.018586
0.000026
0.042276
0.024034
0.959359
0.962529
0.958558
0.023039
0.019394
0.000525
0.020292
0.989308
0.991990
0.040324
0.040638
0.039939
0.020312
0.000537
0.954516
0.959383
0.006395
0.005729
0.024030
0.022734
0.021588
0.000046
0.970535
0.974972
0.971661
0.974358
0.971479
0.952200
0.000637
0.000016
0.000126
0.497342
0.000721
0.001737
0.001498
0.001139
0.000026
0.000079
0.001449
0.999721
0.999350
0.999555
0.998539
0.502860
0.000015
0.000022
0.501729
0.998260
0.000106
0.000382
0.000567
0.502887
0.501509
0.000012
0.998542
0.497089
0.000357
0.000805
0.001396
0.001041
0.501466
0.000035
0.998512
0.501808
0.001349
0.001703
0.001566
0.501844
0.501515
0.000073
0.496937
0.999299
0.999309
0.998525
0.998416
0.998457
0.496970
0.000000
0.001322
0.001669
0.000454
0.000555
0.497199
0.497263
0.497109
0.000053
0.497766
0.498066
0.497946
0.498084
0.497934
0.001028
0.000053
0.000080
0.000155
0.497403
0.000679
0.001346
0.001165
0.000662
0.000063
0.000091
0.001091
0.999782
0.999457
0.999494
0.998920
0.502733
0.000019
0.000020
0.501983
0.998658
0.000189
0.000557
0.000505
0.502632
0.501671
0.000107
0.998918
0.497346
0.000535
0.000697
0.000853
0.000651
0.501738
0.000125
0.998813
0.502034
0.000739
0.001193
0.001132
0.502159
0.501810
0.000156
0.497138
0.999349
0.999182
0.998891
0.998702
0.999082
0.497216
0.000032
0.000995
0.001259
0.000593
0.000515
0.497729
0.497616
0.497464
0.000026
0.497544
0.497819
0.497721
0.497872
0.497823
0.000700
0.000135
0.000712
0.950671
0.971147
0.991200
0.996884
0.979547
0.957014
0.000611
0.000720
0.025652
0.028480
0.027415
0.028587
0.038412
0.959983
0.000696
0.000949
0.019808
0.019738
0.020451
0.004075
0.989700
0.027377
0.001197
0.000845
0.038260
0.020346
0.003410
0.973893
0.995157
0.006650
0.001725
0.001157
0.038441
0.039844
0.996038
0.996388
0.046819
0.022609
0.003336
0.000465
0.000960
0.009560
0.957464
0.021310
0.038261
0.003079
0.002759
0.000897
0.008254
0.962021
0.955149
0.023206
0.023461
0.005129
0.004002
0.000064
0.006270
0.957558
0.007689
0.025503
0.007621
0.006549
0.001165
0.000530
0.950623
0.971244
0.990394
0.998096
0.980442
0.957650
0.000621
0.000373
0.028380
0.030196
0.027259
0.028415
0.037024
0.961535
0.000118
0.000413
0.019232
0.019423
0.019716
0.002942
0.989502
0.028764
0.001192
0.000709
0.037437
0.022013
0.004663
0.973443
0.994590
0.007912
0.001049
0.000187
0.037187
0.038086
0.994739
0.997637
0.047499
0.023054
0.002501
0.000043
0.001241
0.009091
0.958580
0.019764
0.036925
0.004237
0.002242
0.000246
0.009202
0.963070
0.955312
0.023321
0.024172
0.006249
0.003536
0.000567
0.007321
0.958073
0.008274
0.025576
0.007710
0.007565
0.000386
0.000233
0.947354
0.966570
0.981986
0.997878
0.983038
0.963077
0.000014
0.000109
0.034301
0.036281
0.033331
0.033493
0.032231
0.967615
0.000356
0.000205
0.016423
0.016827
0.016216
0.002219
0.981342
0.035239
0.001048
0.000109
0.032496
0.019907
0.004413
0.967206
0.994266
0.015860
0.000870
0.000184
0.032261
0.032777
0.994195
0.997588
0.050353
0.020815
0.001848
0.000322
0.001234
0.017874
0.964700
0.016876
0.031872
0.005170
0.002051
0.000342
0.017112
0.968236
0.951799
0.019253
0.021104
0.005626
0.002839
0.000293
0.016517
0.964598
0.017011
0.031980
0.017010
0.015833
0.000154
0.000122
0.017504
0.035697
0.043981
0.994250
0.984339
0.967493
0.000137
0.000088
0.965983
0.971543
0.966264
0.966279
0.028299
0.976130
0.000068
0.000198
0.015551
0.015464
0.010991
0.003835
0.043575
0.968776
0.002804
0.000029
0.028242
0.018630
0.006602
0.034272
0.988407
0.950159
0.003033
0.000021
0.028118
0.026396
0.988481
0.994314
0.976876
0.019666
0.003389
0.000257
0.005146
0.955861
0.972710
0.015571
0.025453
0.011107
0.005689
0.000078
0.953484
0.974491
0.021751
0.014251
0.019825
0.009453
0.006254
0.000244
0.952550
0.972556
0.955118
0.965087
0.955269
0.950220
0.000060
0.000181
0.011779
0.033017
0.023722
0.975474
0.973485
0.963737
0.000144
0.000147
0.960791
0.985193
0.978982
0.979028
0.031784
0.981390
0.000254
0.000051
0.016746
0.026529
0.003423
0.004169
0.023004
0.972279
0.011548
0.000205
0.031618
0.021539
0.007254
0.021779
0.968967
0.952159
0.011581
0.000273
0.031783
0.019850
0.968963
0.975669
0.964142
0.021338
0.012165
0.000180
0.015633
0.976424
0.987395
0.026548
0.028846
0.030509
0.016227
0.000049
0.955490
0.971206
0.016465
0.007050
0.022734
0.020239
0.016593
0.000287
0.964497
0.978806
0.967274
0.969611
0.967467
0.952065
0.000026
0.000125
0.003400
0.029285
0.013459
0.964028
0.962935
0.953910
0.000390
0.000339
0.959407
0.995087
0.987546
0.988726
0.040694
0.978277
0.000150
0.000033
0.022138
0.035997
0.002010
0.004832
0.012685
0.976909
0.017448
0.000042
0.040444
0.025625
0.007973
0.013463
0.957405
0.950845
0.017356
0.000072
0.040640
0.023853
0.957085
0.964114
0.961233
0.026201
0.018376
0.000242
0.021106
0.986715
0.988922
0.037071
0.037305
0.042277
0.021788
0.000239
0.954839
0.962645
0.008762
0.006931
0.027421
0.026305
0.022663
0.000240
0.968761
0.974821
0.972019
0.973421
0.971805
0.951000
0.000399
0.000559
0.002000
0.047800
0.021196
0.042834
0.039736
0.023062
0.001061
0.000734
0.038657
0.996921
0.979879
0.983084
0.964966
0.965861
0.000584
0.000811
0.936553
0.956752
0.002043
0.009478
0.019372
0.966199
0.928387
0.000933
0.966099
0.044138
0.016020
0.022208
0.026765
0.022413
0.928249
0.000172
0.965669
0.937596
0.026724
0.043016
0.039194
0.944363
0.928728
0.000899
0.035323
0.978993
0.980105
0.960369
0.959602
0.971875
0.036683
0.000751
0.030224
0.041557
0.013882
0.013377
0.046927
0.046428
0.038299
0.000219
0.049753
0.058492
0.056947
0.058473
0.057115
0.021833
0.000170
0.000002
0.000001
0.000046
0.000021
0.000032
0.000029
0.000011
0.000001
0.000001
0.000027
0.999997
0.999982
0.999984
0.999976
0.999964
0.000002
0.000002
0.999946
0.999968
0.000002
0.000012
0.000018
0.999964
0.999938
0.000002
0.999976
0.000047
0.000018
0.000022
0.000014
0.000013
0.999939
0.000000
0.999975
0.999947
0.000014
0.000031
0.000030
0.999954
0.999940
0.000002
0.000039
0.999980
0.999978
0.999971
0.999969
0.999984
0.000040
0.000001
0.000023
0.000031
0.000015
0.000014
0.000051
0.000052
0.000043
0.000001
0.000041
0.000049
0.000050
0.000049
0.000049
0.000012
0.000001
0.000245
0.953891
0.968052
0.986745
0.993648
0.981001
0.960682
0.000376
0.000198
0.021552
0.027172
0.027143
0.031355
0.028687
0.962736
0.001111
0.000612
0.014210
0.015240
0.019438
0.010455
0.982366
0.022876
0.001187
0.000925
0.028975
0.015705
0.006816
0.977461
0.992801
0.007149
0.001443
0.000192
0.029051
0.033073
0.992660
0.994023
0.041056
0.021248
0.006171
0.000371
0.000754
0.012942
0.961021
0.018554
0.027655
0.002116
0.006846
0.000012
0.013266
0.971663
0.964771
0.024512
0.026043
0.011980
0.010508
0.000329
0.008111
0.961994
0.008839
0.020963
0.008689
0.007758
0.001011
0.000001
0.999957
0.999971
0.999987
0.999995
0.999983
0.999964
0.000001
0.000000
0.000022
0.000027
0.000025
0.000028
0.000025
0.999967
0.000001
0.000001
0.000013
0.000013
0.000017
0.000009
0.999983
0.000023
0.000001
0.000000
0.000025
0.000015
0.000007
0.999980
0.999992
0.000008
0.000001
0.000001
0.000025
0.000029
0.999993
0.999995
0.000039
0.000020
0.000005
0.000000
0.000001
0.000013
0.999965
0.000016
0.000025
0.000003
0.000005
0.000000
0.000012
0.999975
0.999967
0.000022
0.000024
0.000011
0.000009
0.000001
0.000008
0.999965
0.000008
0.000020
0.000008
0.000008
0.000000
0.000260
0.949432
0.965824
0.978172
0.995525
0.986339
0.966841
0.000103
0.000012
0.033595
0.037327
0.031408
0.034269
0.021859
0.973687
0.000223
0.000065
0.011096
0.011283
0.013625
0.006508
0.975716
0.034432
0.000792
0.000256
0.021619
0.017179
0.009711
0.971202
0.989777
0.017541
0.000753
0.000030
0.021837
0.024374
0.989754
0.995535
0.046877
0.020328
0.003851
0.000212
0.001155
0.021698
0.967937
0.013619
0.021382
0.007543
0.004374
0.000020
0.020679
0.978620
0.960924
0.021546
0.022666
0.012753
0.006924
0.000157
0.018147
0.967703
0.018520
0.028308
0.018671
0.017515
0.000306
0.000565
0.234320
0.544653
0.678362
0.916332
0.797211
0.474266
0.001720
0.001344
0.527074
0.599396
0.443683
0.474711
0.334357
0.659214
0.000378
0.000325
0.181513
0.181007
0.166799
0.086647
0.653728
0.553761
0.028092
0.000639
0.334809
0.312271
0.193921
0.582501
0.766934
0.238495
0.027156
0.002265
0.334733
0.346376
0.765346
0.916162
0.690560
0.350458
0.061332
0.000551
0.051315
0.322369
0.522377
0.201256
0.307967
0.209789
0.083683
0.001054
0.291881
0.691224
0.426392
0.320223
0.373196
0.240388
0.108372
0.001477
0.261525
0.521824
0.288491
0.416893
0.288873
0.240598
0.001713
0.002053
0.135736
0.560808
0.454488
0.696156
0.688766
0.379107
0.000692
0.001750
0.519467
0.813981
0.556320
0.586132
0.435470
0.760495
0.001638
0.000675
0.269970
0.291693
0.050504
0.181149
0.429942
0.644182
0.124045
0.001622
0.435734
0.427317
0.290297
0.466042
0.446368
0.244628
0.124529
0.001232
0.437194
0.318267
0.444694
0.696713
0.568829
0.432619
0.154499
0.001385
0.277654
0.546547
0.651246
0.313130
0.308789
0.532543
0.307830
0.001809
0.394640
0.690717
0.320201
0.202857
0.480436
0.462430
0.331369
0.001712
0.391620
0.654612
0.519415
0.537298
0.519561
0.244057
0.000425
0.003399
0.039103
0.544798
0.391087
0.662690
0.648274
0.312402
0.003318
0.003829
0.608631
0.937689
0.616606
0.632696
0.512008
0.779024
0.004267
0.004502
0.326361
0.337233
0.023239
0.176658
0.386942
0.760789
0.155660
0.001277
0.509741
0.499337
0.330437
0.392154
0.350924
0.275065
0.154425
0.002633
0.509431
0.347466
0.351079
0.664972
0.627711
0.494397
0.166768
0.000100
0.329747
0.606159
0.634975
0.353189
0.353275
0.642970
0.337385
0.001886
0.439119
0.647374
0.216142
0.199396
0.519526
0.507280
0.343652
0.001034
0.443860
0.639224
0.600806
0.619385
0.599823
0.273769
0.001796
0.001083
0.002054
0.071850
0.050198
0.075080
0.072322
0.027329
0.000775
0.001172
0.071934
0.996681
0.950080
0.953290
0.947659
0.971185
0.000438
0.001005
0.923277
0.923574
0.001474
0.025385
0.049321
0.970790
0.900587
0.000900
0.947564
0.067688
0.045318
0.050710
0.030415
0.025613
0.900809
0.000413
0.947712
0.924914
0.031104
0.075470
0.072901
0.945493
0.900900
0.000948
0.045336
0.949503
0.950501
0.928109
0.925115
0.966815
0.045978
0.001007
0.049171
0.074125
0.028475
0.028506
0.070229
0.070850
0.048695
0.000605
0.049079
0.073148
0.069875
0.072866
0.070626
0.026344
0.000963
0.001910
0.000070
0.078296
0.054789
0.068508
0.066688
0.014170
0.002295
0.001276
0.065033
0.997579
0.946946
0.947219
0.956210
0.966156
0.000579
0.000105
0.929170
0.931673
0.003389
0.028992
0.051737
0.967416
0.904651
0.001986
0.955026
0.077984
0.052578
0.055146
0.016478
0.013659
0.902639
0.001396
0.957004
0.931143
0.015432
0.069115
0.066307
0.955769
0.904993
0.001588
0.052785
0.944983
0.943604
0.934882
0.931945
0.981936
0.054118
0.001561
0.042654
0.069139
0.029913
0.031719
0.082826
0.081903
0.056521
0.000662
0.041048
0.066916
0.066862
0.066832
0.064812
0.015152
0.001453
0.000014
0.500294
0.500794
0.502591
0.502981
0.998107
0.500664
0.000093
0.000033
0.001012
0.002409
0.002358
0.499149
0.001082
0.500806
0.000062
0.000074
0.000556
0.000552
0.497394
0.498358
0.501269
0.000985
0.000078
0.000079
0.001060
0.000632
0.497044
0.999038
0.998402
0.000500
0.000087
0.000036
0.001062
0.497884
0.998373
0.502926
0.498328
0.497541
0.496997
0.000110
0.000082
0.497377
0.500726
0.001894
0.000932
0.000210
0.497009
0.000062
0.001895
0.999067
0.998598
0.498764
0.498868
0.498435
0.498352
0.000027
0.000451
0.500761
0.000527
0.000906
0.000492
0.000413
0.000088
0.000072
0.500157
0.500838
0.502520
0.503080
0.998242
0.500691
0.000031
0.000043
0.001222
0.002531
0.002307
0.499125
0.000876
0.501047
0.000008
0.000068
0.000508
0.000499
0.497274
0.498272
0.501243
0.001215
0.000064
0.000045
0.000903
0.000722
0.497204
0.998973
0.998302
0.000527
0.000097
0.000036
0.000905
0.497752
0.998293
0.503035
0.498416
0.497606
0.496932
0.000024
0.000105
0.497428
0.500745
0.001772
0.000829
0.000380
0.496977
0.000024
0.001895
0.999126
0.998621
0.498833
0.498899
0.498515
0.498235
0.000056
0.000546
0.500723
0.000606
0.000962
0.000559
0.000516
0.000061
0.000093
0.950879
0.964649
0.977665
0.986045
0.985536
0.959567
0.000226
0.000337
0.021791
0.033734
0.023610
0.035494
0.007120
0.971115
0.000266
0.000121
0.004097
0.004338
0.015217
0.023691
0.966696
0.022514
0.000837
0.000318
0.007294
0.014103
0.023311
0.987005
0.977025
0.008897
0.000825
0.000193
0.007112
0.019217
0.977118
0.986318
0.037122
0.026825
0.013347
0.000004
0.001242
0.022505
0.960952
0.014431
0.006505
0.012299
0.013751
0.000103
0.020075
0.993365
0.983979
0.035636
0.037400
0.034332
0.024284
0.000063
0.009462
0.960728
0.009915
0.012335
0.009840
0.008759
0.000074
0.000635
0.243887
0.564657
0.693907
0.793161
0.796151
0.345887
0.001948
0.002245
0.397170
0.579604
0.305262
0.455813
0.122948
0.649691
0.002451
0.000438
0.078732
0.076730
0.178441
0.314855
0.563249
0.424281
0.028738
0.001993
0.124844
0.324268
0.432108
0.823336
0.541376
0.102093
0.029190
0.001912
0.123560
0.254522
0.540941
0.793506
0.572314
0.482610
0.183185
0.000489
0.052611
0.307767
0.395756
0.201446
0.095431
0.329075
0.207845
0.001938
0.260082
0.905729
0.775117
0.552752
0.606329
0.584141
0.336402
0.001149
0.126065
0.398783
0.154586
0.173265
0.153027
0.100291
0.001012
0.003305
0.180629
0.707356
0.740765
0.874999
0.860979
0.313014
0.000915
0.000942
0.627347
0.738309
0.276045
0.324008
0.307640
0.816342
0.001169
0.001077
0.241769
0.104974
0.084500
0.264730
0.705610
0.666655
0.039387
0.001231
0.307016
0.532874
0.517333
0.760719
0.422538
0.135680
0.040449
0.000362
0.305400
0.323268
0.422758
0.874639
0.709304
0.587712
0.090580
0.000073
0.208220
0.257125
0.385939
0.137251
0.134423
0.537711
0.260960
0.000985
0.346407
0.868052
0.557909
0.408316
0.618570
0.588018
0.298266
0.002215
0.170266
0.521569
0.341761
0.370846
0.343314
0.134577
0.000476
0.001986
0.058447
0.735412
0.713041
0.867228
0.847151
0.214442
0.001863
0.005842
0.784346
0.913788
0.296799
0.323779
0.456535
0.876899
0.006209
0.005446
0.388784
0.129059
0.035017
0.328401
0.701871
0.850860
0.065137
0.001360
0.457181
0.675064
0.619468
0.716141
0.267216
0.157092
0.064997
0.001668
0.461640
0.418412
0.268001
0.868018
0.816935
0.697703
0.076110
0.005379
0.357369
0.286873
0.327609
0.155284
0.157415
0.715699
0.367570
0.006138
0.471576
0.844815
0.385579
0.358109
0.697692
0.684061
0.385353
0.001267
0.207898
0.565734
0.512652
0.536385
0.508271
0.159601
0.003101
0.015212
0.022587
0.751598
0.713892
0.835690
0.792246
0.143535
0.009947
0.015285
0.790659
0.955943
0.293379
0.328521
0.505396
0.870371
0.013341
0.011710
0.433369
0.161874
0.017019
0.356019
0.687147
0.873422
0.095947
0.010073
0.493826
0.713189
0.653870
0.723133
0.178052
0.130533
0.081090
0.012061
0.497210
0.437607
0.175282
0.837238
0.804231
0.744284
0.094064
0.002835
0.397594
0.290568
0.290345
0.202214
0.174797
0.803701
0.402412
0.010001
0.462649
0.822041
0.377190
0.383682
0.747445
0.750454
0.420062
0.013280
0.190091
0.535264
0.512198
0.542121
0.513201
0.133116
0.000513
0.001049
0.025282
0.717846
0.668991
0.795944
0.772321
0.147855
0.025140
0.018009
0.762416
0.964336
0.352198
0.351485
0.531829
0.863712
0.014249
0.016719
0.439356
0.178200
0.023454
0.387970
0.635448
0.855099
0.110979
0.024324
0.538257
0.733280
0.662976
0.689345
0.152625
0.148863
0.098732
0.016426
0.520330
0.460859
0.148833
0.797519
0.779391
0.744497
0.116032
0.006835
0.434544
0.334424
0.300220
0.223521
0.194106
0.815856
0.440488
0.013603
0.518444
0.810803
0.339253
0.344850
0.777364
0.755080
0.481252
0.010058
0.231271
0.562321
0.557755
0.570165
0.554661
0.147952
0.000868
0.000001
0.000019
0.000024
0.000049
0.000051
0.999975
0.000021
0.000001
0.000000
0.000006
0.000030
0.000031
0.999976
0.000008
0.000024
0.000001
0.000001
0.000003
0.000005
0.999952
0.999972
0.000027
0.000007
0.000002
0.000000
0.000007
0.000006
0.999950
0.999993
0.999974
0.000003
0.000002
0.000000
0.000008
0.999954
0.999975
0.000050
0.999957
0.999955
0.999949
0.000000
0.000001
0.999951
0.000023
0.000026
0.000007
0.000004
0.999949
0.000001
0.000026
0.999994
0.999990
0.999973
0.999976
0.999972
0.999972
0.000000
0.000004
0.000022
0.000003
0.000006
0.000004
0.000003
0.000001
0.000159
0.020677
0.026277
0.054046
0.056301
0.972996
0.022850
0.000903
0.000200
0.009056
0.033917
0.030727
0.971290
0.007594
0.027638
0.000521
0.000109
0.004085
0.004934
0.946069
0.967617
0.029413
0.009479
0.001664
0.000920
0.007509
0.008970
0.947989
0.992829
0.970224
0.002785
0.001075
0.001081
0.007398
0.950162
0.970746
0.056289
0.954829
0.951506
0.943717
0.000194
0.001151
0.946099
0.023920
0.026657
0.006832
0.005336
0.943408
0.000126
0.027106
0.993595
0.989984
0.972255
0.974640
0.971805
0.968267
0.000596
0.003530
0.022775
0.004101
0.004828
0.004120
0.002325
0.000272
0.005034
0.214041
0.399432
0.673995
0.688813
0.698968
0.232673
0.000418
0.003883
0.199384
0.479004
0.337225
0.594142
0.093228
0.411294
0.003491
0.004315
0.046401
0.064641
0.310261
0.551464
0.414534
0.213608
0.021294
0.006651
0.089931
0.205643
0.440051
0.913606
0.555698
0.020270
0.020078
0.005781
0.092808
0.355037
0.552365
0.692315
0.507673
0.492608
0.294437
0.003521
0.031414
0.332002
0.256814
0.300579
0.080989
0.187729
0.308292
0.001548
0.290353
0.920820
0.891955
0.694919
0.738503
0.704306
0.562393
0.000380
0.034817
0.260125
0.046771
0.063301
0.048593
0.025322
0.007167
0.000088
0.015672
0.971740
0.984225
0.985169
0.986172
0.016898
0.000120
0.000263
0.957143
0.969712
0.015819
0.027867
0.007982
0.972217
0.000302
0.000022
0.005254
0.003592
0.015069
0.027885
0.973167
0.957899
0.001282
0.000196
0.008068
0.957731
0.967997
0.995044
0.032381
0.001174
0.001119
0.000294
0.008206
0.020286
0.032499
0.985225
0.971859
0.970675
0.014356
0.000206
0.004612
0.015925
0.018167
0.013902
0.004708
0.956882
0.017550
0.000337
0.016117
0.995546
0.990915
0.976258
0.981427
0.979767
0.028380
0.000136
0.002153
0.020953
0.005383
0.006316
0.005770
0.001315
0.000013
0.000441
0.014329
0.984800
0.990440
0.991974
0.991985
0.016189
0.000579
0.000270
0.970871
0.977372
0.010704
0.014643
0.019919
0.985392
0.000369
0.000306
0.016384
0.004986
0.008205
0.024319
0.986001
0.972313
0.001679
0.000089
0.019856
0.971802
0.973941
0.993691
0.024897
0.001558
0.001378
0.000223
0.019759
0.024805
0.025349
0.992006
0.979279
0.977479
0.007325
0.000560
0.015518
0.009207
0.018243
0.007811
0.005720
0.970737
0.020742
0.000208
0.020014
0.994041
0.978430
0.965309
0.981432
0.979464
0.024951
0.000314
0.002525
0.030746
0.016947
0.018024
0.016747
0.001978
0.000097
0.000302
0.006190
0.988384
0.990948
0.993796
0.992077
0.009413
0.000981
0.000395
0.983235
0.989064
0.010467
0.012464
0.031519
0.989815
0.000073
0.000625
0.027572
0.006786
0.005324
0.027817
0.989610
0.986062
0.002907
0.000061
0.031469
0.983382
0.981711
0.990622
0.014868
0.003273
0.002615
0.000456
0.031295
0.032205
0.015291
0.993703
0.988073
0.985990
0.004777
0.000096
0.025682
0.008671
0.012427
0.008088
0.008315
0.982652
0.027287
0.000796
0.028262
0.992086
0.965776
0.961802
0.986433
0.984507
0.028874
0.000333
0.004805
0.034144
0.027463
0.030059
0.028002
0.002868
0.000458
0.001384
0.003378
0.989446
0.990690
0.991591
0.988158
0.005114
0.000478
0.001322
0.986263
0.994331
0.010453
0.014690
0.966098
0.989323
0.001531
0.001552
0.963790
0.007117
0.003313
0.961625
0.987471
0.990295
0.003282
0.001495
0.966794
0.985304
0.984078
0.992076
0.008911
0.002370
0.003380
0.000832
0.966538
0.965825
0.008435
0.992852
0.988899
0.987095
0.005518
0.000118
0.960683
0.010206
0.011635
0.012903
0.009060
0.989058
0.962197
0.000848
0.960880
0.991030
0.032455
0.032878
0.988082
0.987794
0.963376
0.000726
0.004708
0.964257
0.961841
0.963646
0.962590
0.002783
0.001971
0.001147
0.002184
0.985905
0.987383
0.989844
0.985588
0.003451
0.000579
0.001929
0.984040
0.994912
0.013805
0.017100
0.967979
0.987737
0.001063
0.001170
0.965416
0.008654
0.004506
0.966456
0.984251
0.989713
0.005371
0.002141
0.969575
0.987029
0.983817
0.987087
0.004745
0.003952
0.006976
0.001264
0.967507
0.966834
0.006357
0.989959
0.987532
0.989358
0.008080
0.001463
0.962155
0.011539
0.012449
0.011597
0.009579
0.990924
0.964459
0.000688
0.965801
0.989921
0.030421
0.030354
0.991204
0.993206
0.970110
0.001044
0.007185
0.966858
0.965329
0.964724
0.964162
0.002741
0.001642
0.000139
0.000731
0.000750
0.501746
0.501681
0.499139
0.000622
0.000246
0.000243
0.000255
0.501032
0.500986
0.998955
0.000653
0.000837
0.000152
0.000037
0.000375
0.000372
0.498281
0.999055
0.000998
0.000309
0.000290
0.000217
0.000644
0.000509
0.498525
0.999556
0.498947
0.000205
0.000332
0.000215
0.000494
0.498511
0.498856
0.501545
0.498567
0.498727
0.498248
0.000113
0.000311
0.498321
0.000867
0.500965
0.000492
0.000361
0.498448
0.000167
0.500852
0.999661
0.999363
0.998954
0.999314
0.999142
0.999032
0.000051
0.000060
0.000758
0.000269
0.000348
0.000351
0.000089
0.000088
0.000105
0.000611
0.001041
0.501694
0.501736
0.499267
0.000522
0.000038
0.000039
0.000459
0.501186
0.500968
0.998971
0.000347
0.001080
0.000159
0.000156
0.000204
0.000315
0.498371
0.998808
0.001078
0.000521
0.000191
0.000095
0.000350
0.000646
0.498647
0.999674
0.498889
0.000154
0.000167
0.000082
0.000374
0.498515
0.498790
0.501806
0.498728
0.498872
0.498165
0.000126
0.000116
0.498290
0.000737
0.500817
0.000344
0.000674
0.498241
0.000019
0.500825
0.999596
0.999589
0.999135
0.999285
0.999120
0.998905
0.000115
0.000147
0.000593
0.000244
0.000157
0.000132
0.000146
0.000069
0.020810
0.092396
0.295540
0.624153
0.649396
0.666698
0.108759
0.002007
0.020629
0.238567
0.538266
0.370414
0.663591
0.071726
0.321950
0.002314
0.014423
0.059942
0.059182
0.374830
0.670689
0.321800
0.240625
0.022872
0.016184
0.082795
0.268479
0.566864
0.928633
0.450834
0.006486
0.024872
0.018270
0.094180
0.422763
0.465155
0.651929
0.579636
0.608299
0.366844
0.004033
0.041075
0.369273
0.103636
0.322896
0.062640
0.249208
0.378924
0.013224
0.349186
0.945693
0.910804
0.845084
0.891699
0.857379
0.667840
0.025985
0.021889
0.123881
0.045498
0.054708
0.037949
0.023621
0.021374
0.001399
0.006425
0.965353
0.981396
0.981740
0.983224
0.005192
0.000383
0.000825
0.960965
0.977057
0.018411
0.031834
0.008120
0.967562
0.000193
0.000135
0.006633
0.002844
0.018879
0.036439
0.967414
0.962419
0.001443
0.000886
0.008086
0.963396
0.977510
0.996249
0.023136
0.000872
0.000840
0.001383
0.008157
0.025091
0.023113
0.981990
0.978400
0.979856
0.018226
0.000369
0.006594
0.018564
0.006922
0.016196
0.003825
0.961795
0.022589
0.001493
0.020201
0.997421
0.991969
0.986601
0.993367
0.992263
0.035996
0.001075
0.001668
0.011287
0.005677
0.006796
0.006927
0.000555
0.000466
0.000001
0.000006
0.999983
0.999991
0.999990
0.999992
0.000007
0.000001
0.000001
0.999978
0.999985
0.000009
0.000015
0.000021
0.999983
0.000001
0.000001
0.000018
0.000003
0.000010
0.000029
0.999985
0.999978
0.000002
0.000001
0.000019
0.999980
0.999986
0.999997
0.000015
0.000001
0.000001
0.000001
0.000019
0.000026
0.000016
0.999990
0.999987
0.999987
0.000009
0.000000
0.000017
0.000010
0.000008
0.000008
0.000004
0.999978
0.000024
0.000002
0.000022
0.999997
0.999981
0.999974
0.999993
0.999992
0.000030
0.000000
0.000001
0.000023
0.000017
0.000017
0.000017
0.000000
0.000001
0.000172
0.008388
0.991056
0.994014
0.993178
0.994228
0.008170
0.001049
0.001415
0.982274
0.987861
0.006187
0.010721
0.028484
0.990847
0.000266
0.001500
0.026722
0.002891
0.004596
0.032198
0.990955
0.983104
0.001997
0.001710
0.027860
0.984743
0.985752
0.996475
0.012839
0.002284
0.003938
0.001177
0.028819
0.032348
0.012222
0.994940
0.986344
0.986719
0.004894
0.002546
0.026293
0.005295
0.011412
0.006817
0.002895
0.985186
0.029906
0.002669
0.030331
0.996571
0.972309
0.962923
0.989295
0.987582
0.033059
0.000160
0.001096
0.033729
0.025701
0.025651
0.026004
0.001950
0.001506
0.003841
0.007740
0.988282
0.991463
0.994344
0.993267
0.007020
0.000500
0.001524
0.984775
0.992233
0.008301
0.012971
0.960776
0.989852
0.003912
0.000442
0.960639
0.003063
0.004217
0.964440
0.988143
0.986096
0.004819
0.003166
0.962276
0.984545
0.986149
0.995153
0.007368
0.002802
0.003997
0.001556
0.964257
0.963851
0.006665
0.993874
0.989645
0.989552
0.007820
0.003341
0.959756
0.008823
0.010673
0.010432
0.003526
0.986632
0.963622
0.001603
0.962723
0.996244
0.037867
0.034396
0.991602
0.992415
0.964811
0.003042
0.004217
0.964743
0.961077
0.959315
0.959711
0.003990
0.000674
0.000003
0.000001
0.999988
0.999993
0.999994
0.999990
0.000001
0.000004
0.000002
0.999988
0.999995
0.000009
0.000010
0.999969
0.999988
0.000005
0.000000
0.999970
0.000005
0.000005
0.999970
0.999989
0.999988
0.000007
0.000001
0.999970
0.999990
0.999992
0.999993
0.000006
0.000004
0.000007
0.000001
0.999969
0.999970
0.000005
0.999991
0.999989
0.999993
0.000008
0.000004
0.999965
0.000010
0.000004
0.000008
0.000004
0.999988
0.999966
0.000004
0.999972
0.999994
0.000033
0.000032
0.999995
0.999994
0.999975
0.000002
0.000002
0.999969
0.999965
0.999969
0.999965
0.000001
0.000004
0.000002
0.000005
0.000007
0.999959
0.999958
0.000049
0.000007
0.000002
0.000002
0.000004
0.999952
0.999954
0.999991
0.000005
0.000009
0.000000
0.000001
0.000004
0.000005
0.000042
0.999991
0.000009
0.000004
0.000001
0.000002
0.000004
0.000005
0.000042
0.999997
0.000046
0.000002
0.000003
0.000001
0.000005
0.000044
0.000048
0.999958
0.000043
0.000044
0.000041
0.000002
0.000002
0.000041
0.000007
0.999951
0.000003
0.000003
0.000041
0.000000
0.999952
0.999996
0.999995
0.999990
0.999993
0.999992
0.999991
0.000002
0.000001
0.000007
0.000003
0.000003
0.000001
0.000000
0.000001
0.001383
0.006113
0.009789
0.956063
0.956327
0.054201
0.006331
0.001129
0.000146
0.005813
0.951177
0.948139
0.988673
0.003936
0.011709
0.001105
0.000021
0.002996
0.003802
0.045501
0.988134
0.010781
0.006355
0.002248
0.000860
0.005142
0.006863
0.047415
0.995622
0.049118
0.001032
0.001414
0.000841
0.004711
0.046465
0.050200
0.955234
0.048138
0.049341
0.043785
0.000334
0.001363
0.044678
0.007799
0.946597
0.003584
0.005532
0.044733
0.001306
0.945486
0.996286
0.995299
0.991387
0.992580
0.991707
0.987732
0.000847
0.001806
0.006738
0.002298
0.002603
0.001543
0.001470
0.000796
0.013006
0.105847
0.315306
0.628512
0.641570
0.654523
0.086714
0.015755
0.009489
0.238714
0.557999
0.378116
0.676783
0.079041
0.335143
0.023111
0.000585
0.066842
0.056692
0.377561
0.670395
0.318450
0.242435
0.031443
0.016601
0.094648
0.264378
0.541888
0.952563
0.461196
0.015779
0.023229
0.010555
0.073290
0.418555
0.450092
0.634005
0.577368
0.599134
0.355180
0.023433
0.037990
0.361535
0.114630
0.323031
0.068941
0.248904
0.378989
0.024918
0.356359
0.954337
0.920392
0.820430
0.903902
0.876922
0.691650
0.006774
0.008030
0.139605
0.058299
0.060584
0.053619
0.020504
0.010384
0.000235
0.006232
0.965353
0.981578
0.981808
0.984155
0.005955
0.000202
0.000266
0.961155
0.976005
0.018157
0.032069
0.008444
0.966479
0.000221
0.001095
0.006898
0.003274
0.017954
0.037325
0.968226
0.962438
0.001391
0.000134
0.008998
0.963051
0.976747
0.995847
0.023557
0.000766
0.001788
0.001167
0.008816
0.024261
0.023999
0.982628
0.978834
0.979701
0.017402
0.000561
0.006539
0.018632
0.007315
0.015947
0.003133
0.961327
0.023054
0.001601
0.020305
0.995911
0.991399
0.986783
0.992934
0.991701
0.036940
0.001064
0.000435
0.011338
0.007088
0.005662
0.007195
0.000211
0.001202
0.000218
0.006436
0.981282
0.990732
0.989216
0.992192
0.006561
0.000717
0.000799
0.975303
0.982735
0.009749
0.016362
0.022126
0.983350
0.000399
0.000876
0.018599
0.004123
0.009752
0.033076
0.983287
0.976586
0.002873
0.000327
0.020412
0.978374
0.983553
0.995564
0.016986
0.001726
0.001956
0.000412
0.020618
0.027951
0.016891
0.989189
0.986389
0.985905
0.009037
0.000206
0.018922
0.010589
0.008380
0.008578
0.004416
0.976963
0.025198
0.000566
0.025508
0.996378
0.978803
0.971705
0.992450
0.990293
0.032929
0.001904
0.001945
0.024565
0.018188
0.019637
0.019574
0.000375
0.000049
0.002723
0.008298
0.989026
0.992232
0.993516
0.993204
0.009933
0.001594
0.002248
0.981508
0.986623
0.007901
0.010313
0.027575
0.991245
0.001235
0.002055
0.027378
0.003681
0.005850
0.031211
0.989151
0.983370
0.003782
0.000551
0.027476
0.983111
0.986393
0.995192
0.013902
0.000551
0.001521
0.001466
0.028734
0.031766
0.013711
0.993697
0.987800
0.989025
0.005460
0.001918
0.025988
0.006576
0.009500
0.007370
0.004414
0.982703
0.029680
0.001024
0.029079
0.996916
0.970282
0.963734
0.990144
0.988152
0.032982
0.001036
0.000848
0.032864
0.026459
0.026498
0.025603
0.002027
0.002155
0.001612
0.004686
0.991538
0.991889
0.992895
0.991984
0.007979
0.001324
0.004026
0.987715
0.990817
0.009025
0.009756
0.962228
0.992097
0.003462
0.004361
0.963776
0.004842
0.003858
0.966487
0.987413
0.986897
0.005339
0.003510
0.963419
0.985614
0.987374
0.994824
0.007790
0.000637
0.004012
0.002845
0.962450
0.964331
0.010103
0.992477
0.985992
0.989543
0.008195
0.001282
0.959778
0.006804
0.010629
0.008540
0.004633
0.987573
0.963634
0.003230
0.965399
0.994213
0.036692
0.032104
0.991824
0.992630
0.967455
0.004285
0.001548
0.964474
0.959641
0.962403
0.959091
0.004908
0.000259
0.003808
0.005135
0.987701
0.991698
0.991072
0.990253
0.005727
0.002367
0.005330
0.988489
0.996930
0.008754
0.013013
0.966856
0.989284
0.003088
0.003852
0.966981
0.006607
0.007354
0.971707
0.984838
0.990614
0.007830
0.000773
0.965313
0.986669
0.990061
0.990715
0.003316
0.005684
0.004435
0.001357
0.966393
0.964342
0.004015
0.994245
0.989586
0.993062
0.007470
0.001724
0.961836
0.007181
0.005129
0.012474
0.005047
0.987385
0.964749
0.003043
0.966346
0.992464
0.036878
0.033944
0.992030
0.993376
0.969586
0.002775
0.004329
0.963394
0.966151
0.963042
0.960986
0.001625
0.000278
