0.0 0.0 1.0 1.0		;;; left,low,right,high
50 1 			;;; nx, ny
5 1 			;;; disp_rate (5 => display every 5 iters), seed
3000 5 40 0.1		;;; tend, nphase, nc_[-1], alpha_[-1]
100 20 0.05		;;; t_[phase], nc_[phase],alpha_[phase]
500 1 0.05		;;; t_[phase], nc_[phase],alpha_[phase]
750 0 0.05		;;; t_[phase], nc_[phase],alpha_[phase]
1000 0 0.05		;;; t_[phase], nc_[phase],alpha_[phase]
3000 0 0.05		;;; t_[phase], nc_[phase],alpha_[phase]
3000 999999999	 	;;; snapshots (epoch):0=initial, 9x9=last
3000
0.482019
0.057707
0.426629
0.181113
0.419465
0.305765
0.275480
0.124982
0.141599
0.063364
0.094109
0.210806
0.096996
0.330779
0.238361
0.310077
0.195384
0.400806
0.299779
0.431036
0.416523
0.513965
0.255035
0.517436
0.082165
0.463086
0.098334
0.599064
0.200028
0.598846
0.294782
0.618598
0.250942
0.671585
0.195300
0.719710
0.075083
0.777009
0.111699
0.917978
0.200488
0.832777
0.288775
0.761455
0.321870
0.826571
0.309616
0.928877
0.430901
0.922617
0.428132
0.777539
0.476079
0.673786
0.524530
0.824280
0.574799
0.926372
0.628116
0.830348
0.625167
0.755385
0.689352
0.771537
0.736825
0.807774
0.743589
0.923147
0.912902
0.932703
0.906125
0.789986
0.895334
0.710665
0.801673
0.692851
0.757758
0.648673
0.911857
0.576349
0.768510
0.535160
0.616245
0.566688
0.705266
0.455310
0.906084
0.426665
0.896258
0.277370
0.741871
0.312345
0.599718
0.390394
0.590935
0.188415
0.737343
0.113492
0.909621
0.105156
