0.0 0.0 1.0 1.0		;;; left,low,right,high
15 15 			;;; nx, ny
50 1			;;; disp_rate, seed
5000 4 10 0.1		;;; tend, nphase, nc_[-1], alpha_[-1]
100 7 0.05		;;; t_[phase], nc_[phase],alpha_[phase]
500 5 0.05		;;; t_[phase], nc_[phase],alpha_[phase]
5000 2 0.025		;;; t_[phase], nc_[phase],alpha_[phase]
10000 0 0.0		;;; t_[phase], nc_[phase],alpha_[phase]
5000  999999999	 	;;; snapshots (epoch):0=initial, 9x9=last
5000
0.289048
0.193052
0.318052
0.196042
0.334898
0.199637
0.357665
0.201588
0.414152
0.211716
0.437427
0.216090
0.461437
0.218067
0.510813
0.220584
0.545032
0.222386
0.570558
0.219781
0.599877
0.218235
0.659444
0.216232
0.674980
0.212994
0.692191
0.212119
0.741731
0.211129
0.286287
0.200409
0.321031
0.207331
0.341151
0.213308
0.362909
0.215940
0.414787
0.228571
0.434147
0.232023
0.455364
0.234756
0.508742
0.239131
0.542142
0.240679
0.570994
0.236287
0.602856
0.235083
0.679458
0.236508
0.694277
0.235648
0.709479
0.235409
0.765571
0.235945
0.232253
0.214642
0.273109
0.221663
0.297063
0.225154
0.320482
0.227306
0.406656
0.240990
0.432503
0.245112
0.455234
0.250156
0.510134
0.257062
0.546253
0.257836
0.572731
0.255507
0.600292
0.253333
0.668428
0.252702
0.685227
0.250458
0.701318
0.248820
0.761428
0.245958
0.223477
0.228259
0.266415
0.237091
0.290249
0.239619
0.310744
0.240104
0.401377
0.250492
0.426101
0.254033
0.449548
0.257099
0.505161
0.261171
0.545511
0.259176
0.572821
0.256387
0.600740
0.254479
0.671600
0.255955
0.688629
0.254110
0.704273
0.253245
0.763972
0.253102
0.187648
0.257668
0.234517
0.269658
0.261263
0.271756
0.286904
0.272614
0.395982
0.287760
0.421111
0.289111
0.446049
0.289699
0.502302
0.290350
0.540549
0.287903
0.565043
0.289325
0.597042
0.289563
0.683691
0.287998
0.701428
0.287723
0.722784
0.287177
0.789748
0.284572
0.176604
0.268558
0.230056
0.279840
0.255118
0.287792
0.280908
0.288541
0.392177
0.309883
0.420810
0.318199
0.445768
0.318547
0.497803
0.321230
0.539571
0.320882
0.561066
0.320090
0.593953
0.325781
0.673792
0.336789
0.694689
0.335069
0.715009
0.341742
0.769818
0.349244
0.167187
0.365299
0.222596
0.363733
0.244251
0.362492
0.271364
0.357903
0.390256
0.364181
0.418427
0.377420
0.442968
0.372758
0.504861
0.391249
0.546909
0.389769
0.564132
0.391720
0.595426
0.402039
0.672448
0.410655
0.690220
0.405714
0.707076
0.412796
0.769097
0.413333
0.158122
0.497034
0.212005
0.501759
0.231537
0.492956
0.254119
0.494972
0.385186
0.482235
0.421464
0.497392
0.441963
0.486864
0.498354
0.501745
0.544662
0.498290
0.561420
0.504004
0.590519
0.501141
0.664421
0.490348
0.688998
0.469720
0.702963
0.479188
0.765998
0.468679
0.157927
0.521079
0.209216
0.533337
0.219649
0.534907
0.245828
0.547813
0.382768
0.577608
0.423212
0.589178
0.448708
0.584330
0.497359
0.588867
0.548979
0.596752
0.559484
0.596209
0.590619
0.597225
0.644619
0.597135
0.669810
0.591410
0.685586
0.600974
0.733985
0.616229
0.197558
0.682237
0.239265
0.672496
0.253440
0.669448
0.279587
0.674986
0.386758
0.661411
0.421507
0.666421
0.442874
0.671641
0.490726
0.675544
0.542605
0.692136
0.561887
0.697249
0.598544
0.693855
0.656400
0.686346
0.684871
0.682561
0.695971
0.678908
0.733798
0.678010
0.216171
0.747387
0.250658
0.741133
0.265987
0.739425
0.293349
0.738196
0.392534
0.721702
0.428845
0.718754
0.449006
0.717761
0.499960
0.710766
0.553956
0.718420
0.569835
0.719287
0.602586
0.716793
0.652378
0.711903
0.678818
0.711956
0.688327
0.711338
0.723924
0.715310
0.241236
0.771189
0.265355
0.761275
0.293960
0.765053
0.313747
0.761381
0.410575
0.755049
0.438580
0.751924
0.459176
0.749738
0.505934
0.739308
0.549247
0.747633
0.573365
0.743946
0.603357
0.746155
0.684236
0.738956
0.712133
0.739954
0.723124
0.739244
0.768868
0.742999
0.240929
0.772425
0.264836
0.763471
0.291438
0.769296
0.311697
0.765336
0.410960
0.759894
0.438024
0.758364
0.459539
0.756326
0.506668
0.746350
0.551251
0.753901
0.574111
0.749034
0.604016
0.752708
0.687066
0.747831
0.713758
0.748076
0.725678
0.748039
0.772402
0.752052
0.252583
0.786353
0.273632
0.777814
0.300059
0.781240
0.320106
0.776138
0.411073
0.768836
0.437973
0.767632
0.458824
0.765193
0.502400
0.762081
0.549569
0.766737
0.575707
0.762898
0.607092
0.768500
0.695652
0.762101
0.724976
0.762706
0.737823
0.762740
0.776652
0.760467
0.286929
0.801114
0.303145
0.796678
0.332313
0.798854
0.351947
0.793930
0.420798
0.787806
0.439018
0.788972
0.464026
0.784706
0.513179
0.786901
0.552089
0.786747
0.582872
0.782765
0.613150
0.786997
0.720214
0.774297
0.740467
0.771144
0.756610
0.772018
0.789623
0.766118
