0.0 0.0 1.0 1.0		;;; left,low,right,high
15 15 			;;; nx, ny
50 1		;;; disp_rate, seed
10000 3 15 0.5		;;; tend, nphase, nc_[-1], alpha_[-1]
300 15 0.5		;;; t_[phase], nc_[phase],alpha_[phase]
500 5 0.05		;;; t_[phase], nc_[phase],alpha_[phase]
5000 0 0.025		;;; t_[phase], nc_[phase],alpha_[phase]
10000  999999999	 	;;; snapshots (epoch):0=initial, 9x9=last
10000
0.866557
0.790008
0.862657
0.770201
0.846680
0.741773
0.821161
0.711736
0.805954
0.688388
0.804309
0.581392
0.862603
0.408444
0.874828
0.320780
0.867178
0.273661
0.845733
0.251620
0.798438
0.214948
0.760185
0.198199
0.726947
0.186032
0.693155
0.180910
0.679851
0.176312
0.821580
0.808877
0.828661
0.786629
0.810151
0.748111
0.794021
0.715649
0.776511
0.695378
0.783661
0.606105
0.835471
0.412414
0.839391
0.322478
0.833038
0.283129
0.803532
0.260836
0.766344
0.228636
0.730517
0.214022
0.702509
0.193851
0.665395
0.181525
0.656684
0.174455
0.762325
0.821565
0.755256
0.807228
0.740580
0.759934
0.729122
0.722503
0.725895
0.696011
0.738174
0.626797
0.770791
0.463645
0.772628
0.332304
0.761065
0.299585
0.741214
0.284164
0.713307
0.258826
0.683752
0.237880
0.660239
0.209374
0.640468
0.187064
0.635697
0.175870
0.689115
0.828654
0.688633
0.812710
0.684152
0.764573
0.678371
0.733494
0.674158
0.702932
0.678421
0.649724
0.692636
0.510346
0.708730
0.353478
0.706364
0.312598
0.694518
0.289946
0.667447
0.271196
0.650044
0.251499
0.620348
0.216512
0.607271
0.189929
0.600853
0.179526
0.639921
0.826000
0.639584
0.809833
0.639607
0.771574
0.639628
0.738743
0.637318
0.697197
0.637347
0.661935
0.641098
0.554547
0.644965
0.377927
0.643359
0.333581
0.637165
0.301239
0.620743
0.278086
0.607020
0.257756
0.588937
0.220642
0.579015
0.194636
0.573390
0.182199
0.613101
0.823489
0.607857
0.805803
0.599049
0.775706
0.591892
0.741378
0.591295
0.702453
0.593401
0.678095
0.593246
0.568736
0.581004
0.402564
0.581721
0.346446
0.575253
0.308069
0.575253
0.285172
0.564147
0.263550
0.553983
0.226536
0.546880
0.201847
0.546203
0.186418
0.566111
0.815543
0.565206
0.797851
0.558987
0.773228
0.552244
0.744589
0.551166
0.711848
0.552855
0.682932
0.550390
0.575605
0.541811
0.424017
0.546052
0.357049
0.535593
0.314703
0.528091
0.287652
0.517825
0.264099
0.514726
0.233105
0.511806
0.206985
0.512549
0.184929
0.522354
0.812166
0.522501
0.798534
0.524346
0.771000
0.516964
0.742522
0.502737
0.718347
0.492376
0.688155
0.485829
0.600523
0.486089
0.476354
0.489203
0.377931
0.489607
0.317931
0.489717
0.292276
0.487830
0.264241
0.483559
0.233551
0.479838
0.209270
0.475449
0.184131
0.489408
0.816633
0.489060
0.802291
0.489407
0.771747
0.477648
0.742412
0.464569
0.717226
0.453080
0.686596
0.448682
0.616751
0.442585
0.508298
0.443795
0.399885
0.451643
0.320289
0.455012
0.290585
0.454581
0.264562
0.449468
0.239246
0.445812
0.210507
0.431982
0.182567
0.463952
0.821389
0.461310
0.810731
0.454748
0.773872
0.434761
0.738591
0.422211
0.715848
0.414114
0.689209
0.410776
0.637882
0.404434
0.540172
0.398130
0.412015
0.402494
0.327534
0.402775
0.298161
0.404061
0.270726
0.402499
0.239881
0.400371
0.207467
0.393403
0.185300
0.440974
0.818509
0.435736
0.806268
0.420563
0.775399
0.397930
0.741010
0.378345
0.718551
0.363182
0.694190
0.360769
0.655678
0.358639
0.567075
0.359488
0.428310
0.361380
0.327391
0.361398
0.298790
0.360249
0.272384
0.364223
0.240802
0.362581
0.209367
0.362582
0.186553
0.406906
0.816676
0.401167
0.806132
0.382855
0.773489
0.360331
0.743616
0.341863
0.723022
0.317792
0.702020
0.300562
0.678877
0.296557
0.611108
0.301826
0.448419
0.310602
0.322711
0.312103
0.300485
0.313843
0.272189
0.324815
0.240330
0.328922
0.211536
0.333370
0.193067
0.365805
0.821810
0.353719
0.809419
0.334188
0.786690
0.304080
0.760082
0.272691
0.738044
0.257518
0.715271
0.242891
0.694569
0.232792
0.633696
0.221754
0.473674
0.253661
0.321330
0.257892
0.291256
0.266835
0.266638
0.272670
0.231079
0.285815
0.208070
0.284775
0.190512
0.347731
0.828899
0.335421
0.820295
0.304586
0.798653
0.271183
0.776542
0.223449
0.763992
0.187487
0.742909
0.173318
0.721134
0.168006
0.667214
0.167984
0.479258
0.169268
0.312742
0.170045
0.276767
0.179982
0.249786
0.208318
0.220591
0.240243
0.200165
0.256423
0.188753
0.329747
0.830854
0.314718
0.823026
0.289122
0.808943
0.247812
0.788999
0.192891
0.777363
0.150177
0.759319
0.125522
0.740494
0.115840
0.667423
0.111211
0.487349
0.116847
0.313138
0.125777
0.266552
0.142792
0.242352
0.178607
0.214274
0.214874
0.199056
0.232058
0.188488
